// 0:í èÌBase~99,1:ì]ê∂Base~99,2:í èÌBase~200,3:ì]ê∂Base~200,4:í èÌBase200~,5:ì]ê∂Base200~,6:Job-NV,7:Job-1éüêE,8:Job-2éüêE,9:Job-SNV,10:Job-ì]ê∂NV,11:Job-ì]ê∂1éüêE,12:Jobì]ê∂2éüêE,13:Job-SG,14:Job-GS/NJ,15:Job-3éüêE,16-Job-SU,17:Job-4éüêE
1,2,1,2,1,2,2,3,10,3,4,6,20,2743,7,2000,110,30896977
3,4,3,4,3,4,3,4,14,4,6,7,30,2743,9,6000,189,40166070
5,6,5,6,5,6,4,5,20,5,8,9,44,2743,12,12000,324,52215891
8,9,8,9,8,9,5,7,28,6,10,12,62,2743,16,20000,558,67880658
11,12,11,12,11,12,10,11,54,11,20,20,112,2743,30,36000,958,88244856
14,15,14,15,14,15,15,14,72,13,30,24,142,2743,36,44888,1647,114718313
17,18,17,18,17,18,20,17,91,15,40,29,177,2743,44,54664,2829,149133806
20,21,20,21,20,21,25,20,111,18,50,35,217,2743,54,65240,4861,193873948
25,27,25,27,25,27,30,23,132,21,60,42,262,2743,66,76704,8352,252036133
32,40,32,40,32,40,0,38,245,41,0,69,499,2743,122,105504,14350,327646973
38,48,38,48,38,48,0,44,307,47,0,85,622,2743,158,118662,24653,425941064
44,61,44,61,44,61,0,52,372,54,0,104,775,2743,199,133514,30692,553723384
52,73,52,73,52,73,0,62,445,62,0,126,961,2743,245,149806,38212,719840399
60,87,60,87,60,87,0,74,537,71,0,151,1180,2743,296,167792,47574,935792518
76,103,76,103,76,103,0,112,865,111,0,207,1634,2743,460,225392,59230,1216530274
86,121,86,121,86,121,0,136,1022,125,0,245,1878,2743,579,246978,73742,1581489356
97,140,97,140,97,140,0,163,1188,147,0,288,2172,2743,708,272164,91809,2055936163
109,157,109,157,109,157,0,192,1452,177,0,336,2516,2743,847,300230,114302,2672717011
122,177,122,177,122,177,0,224,1731,215,0,389,2910,5486,996,331896,142306,3474532115
148,214,148,214,148,214,0,300,2223,275,0,501,3454,6486,1242,458616,177171,4516891749
165,239,165,239,165,239,0,333,2564,319,0,560,3867,6919,1396,498730,220578,5871959274
184,267,184,267,184,267,0,367,2917,369,0,625,4299,7385,1555,547292,274620,7633547056
205,298,205,298,205,298,0,404,3294,422,0,695,4758,7901,1726,602190,341902,9923611173
228,332,228,332,228,332,0,442,3687,481,0,771,5236,8450,1902,665536,425668,12900694525
277,389,277,389,277,389,0,632,4572,601,0,1051,5997,10650,2295,969664,529957,12900694525
310,430,310,430,310,430,0,674,4995,672,0,1144,6504,11280,2479,1054733,659796,12900694525
347,475,347,475,347,475,0,720,5448,755,0,1254,7040,11991,2671,1161525,821446,12900694525
388,524,388,524,388,524,0,775,5945,844,0,1378,7614,12812,2882,1283523,1022701,36845673632
434,577,434,577,434,577,0,834,6472,945,0,1519,8217,13714,3101,1427244,1273262,47899375721
555,750,555,750,555,750,0,1309,8330,1245,0,2219,9434,18994,3769,2217976,1585212,62269188438
666,900,666,900,666,900,0,1382,8923,1376,0,2410,10087,20116,4004,2422522,1973589,80949944969
799,1080,799,1080,799,1080,0,1469,9582,1537,0,2651,10790,21458,4255,2687893,2457118,105234928460
958,1296,958,1296,958,1296,0,1579,10333,1713,0,2927,11553,23064,4539,2992800,3452250,115758421306
1149,1555,1149,1555,1149,1555,0,1703,11150,1919,0,3253,12366,24890,4839,3358532,4850412,127334263437
1424,1943,1424,1943,1424,1943,0,3128,15609,2819,0,5353,14556,38618,6041,5572581,6814829,140067689780
1637,2234,1637,2234,1637,2234,0,3302,16591,3115,0,5854,15468,41097,6372,6122817,9574835,154074458758
1882,2569,1882,2569,1882,2569,0,3526,17738,3501,0,6530,16479,44229,6734,6857557,13452643,169481904634
2164,2954,2164,2954,2164,2954,0,3821,19107,3932,0,7311,17599,48047,7156,7702999,18900964,186430095098
2488,3397,2488,3397,2488,3397,0,4166,20641,4453,0,8267,18818,52518,7609,8732945,26555854,205073104607
2985,4076,2985,4076,2985,4076,0,8441,32680,7603,0,14567,23198,92329,9892,15375092,37310975,391632611143
3283,4483,3283,4483,3283,4483,0,8911,33789,8439,0,16153,24636,98123,10410,17008869,52421920,1167460549300
3611,4931,3611,4931,3611,4931,0,9506,36249,9590,0,18369,26293,107016,10993,19246477,73652799,1867936878880
3972,5424,3972,5424,3972,5424,0,10314,39310,10898,0,20900,28169,117899,11690,21816192,103482182,2988699006207
4369,5966,4369,5966,4369,5966,0,11247,42834,12521,0,24061,30264,130993,12452,24989738,145392466,4781918409932
5242,7159,5242,7159,5242,7159,0,26209,78951,25121,0,46111,39900,250426,17018,46244608,204276415,4829737594031
5766,7874,5766,7874,5766,7874,0,27640,83919,28004,0,52028,42530,271482,17922,51543641,287008363,4878034969972
6342,8661,6342,8661,6342,8661,0,29569,90331,32147,0,60701,45695,300500,18968,58968161,403246751,4926815319671
6976,9527,6976,9527,6976,9527,0,32246,98548,36920,0,70476,49341,335489,20242,67455424,566561685,4976083472868
7673,10479,7673,10479,7673,10479,0,35421,108209,42953,0,83007,53522,378440,21658,78068174,796019167,5025844307597
9207,12574,9207,12574,9207,12574,0,0,0,86000,0,0,76648,0,31246,109950479,0,5076102750668
10127,13831,10127,13831,10127,13831,0,0,0,87250,0,0,82274,0,32992,124105707,0,5126863778174
11139,15214,11139,15214,11139,15214,0,0,0,88500,0,0,89345,0,35068,141803413,0,5178132415955
12252,16735,12252,16735,12252,16735,0,0,0,89750,0,0,97572,0,37623,161095234,0,5229913740114
13477,18408,13477,18408,13477,18408,0,0,0,91000,0,0,107244,0,40508,183929533,0,5282212877515
16172,22089,16172,22089,16172,22089,0,0,0,92250,0,0,167371,0,61601,239723566,0,0
17789,24297,17789,24297,17789,24297,0,0,0,93500,0,0,181337,0,65297,269532119,0,0
19567,26726,19567,26726,19567,26726,0,0,0,94750,0,0,199597,0,69804,306314926,0,0
21523,29398,21523,29398,21523,29398,0,0,0,96000,0,0,220863,0,75365,345887434,0,0
23675,32337,23675,32337,23675,32337,0,0,0,97250,0,0,246423,0,81737,392434196,0,0
28410,38804,28410,38804,28410,38804,0,0,0,98500,0,0,414778,0,130250,875621083,0,0
31251,42684,31251,42684,31251,42684,0,0,0,99750,0,0,454367,0,138731,1313431624,0,0
34376,46952,34376,46952,34376,46952,0,0,0,101000,0,0,507985,0,149321,2495520085,0,0
37813,51647,37813,51647,37813,51647,0,0,0,102250,0,0,570020,0,162336,5739696195,0,0
41594,56811,41594,56811,41594,56811,0,0,0,103500,0,0,646084,0,177460,15497179726,0,0
49912,68173,49912,68173,49912,68173,0,0,0,104750,0,0,1151149,0,293891,22780854197,0,0
54903,74990,54903,74990,54903,74990,0,0,0,106000,0,0,1277719,0,314836,33487855669,0,0
60393,82489,60393,82489,60393,82489,0,0,0,107250,0,0,1454795,0,341602,49227147833,0,0
66432,90737,66432,90737,66432,90737,0,0,0,108500,0,0,1657124,0,374189,72363907314,0,0
73075,99810,73075,99810,73075,99810,0,0,0,109750,0,0,1909959,0,412597,106374943751,0,0
87690,119772,87690,119772,87690,119772,0,0,0,111000,0,0,0,0,0,0,0,0
96459,131749,96459,131749,96459,131749,0,0,0,112250,0,0,0,0,0,0,0,0
106104,144923,106104,144923,106104,144923,0,0,0,113500,0,0,0,0,0,0,0,0
116714,159415,116714,159415,116714,159415,0,0,0,114750,0,0,0,0,0,0,0,0
128385,175356,128385,175356,128385,175356,0,0,0,116000,0,0,0,0,0,0,0,0
154062,210427,154062,210427,154062,210427,0,0,0,117250,0,0,0,0,0,0,0,0
169468,231469,169468,231469,169468,231469,0,0,0,118500,0,0,0,0,0,0,0,0
186414,254615,186414,254615,186414,254615,0,0,0,119750,0,0,0,0,0,0,0,0
205055,280076,205055,280076,205055,280076,0,0,0,121000,0,0,0,0,0,0,0,0
225560,308083,225560,308083,225560,308083,0,0,0,122250,0,0,0,0,0,0,0,0
270672,369699,270672,369699,270672,369699,0,0,0,123500,0,0,0,0,0,0,0,0
297739,406668,297739,406668,297739,406668,0,0,0,124750,0,0,0,0,0,0,0,0
327512,447334,327512,447334,327512,447334,0,0,0,126000,0,0,0,0,0,0,0,0
360263,492067,360263,492067,360263,492067,0,0,0,127250,0,0,0,0,0,0,0,0
396289,541273,396289,541273,396289,541273,0,0,0,128500,0,0,0,0,0,0,0,0
475546,649527,475546,649527,475546,649527,0,0,0,129750,0,0,0,0,0,0,0,0
523100,714479,523100,714479,523100,714479,0,0,0,131000,0,0,0,0,0,0,0,0
575410,785926,575410,785926,575410,785926,0,0,0,132250,0,0,0,0,0,0,0,0
632951,864518,632951,864518,632951,864518,0,0,0,133500,0,0,0,0,0,0,0,0
696246,950969,696246,950969,696246,950969,0,0,0,134750,0,0,0,0,0,0,0,0
835495,1141162,835495,1141162,835495,1141162,0,0,0,136000,0,0,0,0,0,0,0,0
919044,1255278,919044,1255278,919044,1255278,0,0,0,137250,0,0,0,0,0,0,0,0
1010948,1380805,1010948,1380805,1010948,1380805,0,0,0,138500,0,0,0,0,0,0,0,0
1112042,1518885,1112042,1518885,1112042,1518885,0,0,0,139750,0,0,0,0,0,0,0,0
1223246,1670773,1223246,1670773,1223246,1670773,0,0,0,141000,0,0,0,0,0,0,0,0
1467895,2004927,1467895,2004927,1467895,2004927,0,0,0,142250,0,0,0,0,0,0,0,0
1614684,2205419,1614684,2205419,1614684,2205419,0,0,0,143500,0,0,0,0,0,0,0,0
1776152,2425960,1776152,2425960,1776152,2425960,0,0,0,144750,0,0,0,0,0,0,0,0
1953767,2668556,1953767,2668556,1953767,2668556,0,0,0,146000,0,0,0,0,0,0,0,0
0,0,2935411,2935411,2935411,2935411,0,0,0,0,0,0,0,0,0,0,0,0
0,0,3493139,3493139,3493139,3493139,0,0,0,0,0,0,0,0,0,0,0,0
0,0,3807521,3807521,3807521,3807521,0,0,0,0,0,0,0,0,0,0,0,0
0,0,4150197,4150197,4150197,4150197,0,0,0,0,0,0,0,0,0,0,0,0
0,0,4523714,4523714,4523714,4523714,0,0,0,0,0,0,0,0,0,0,0,0
0,0,4930848,4930848,4930848,4930848,0,0,0,0,0,0,0,0,0,0,0,0
0,0,5818400,5818400,5818400,5818400,0,0,0,0,0,0,0,0,0,0,0,0
0,0,6283872,6283872,6283872,6283872,0,0,0,0,0,0,0,0,0,0,0,0
0,0,6786581,6786581,6786581,6786581,0,0,0,0,0,0,0,0,0,0,0,0
0,0,7329507,7329507,7329507,7329507,0,0,0,0,0,0,0,0,0,0,0,0
0,0,7915867,7915867,7915867,7915867,0,0,0,0,0,0,0,0,0,0,0,0
0,0,9261564,9261564,9261564,9261564,0,0,0,0,0,0,0,0,0,0,0,0
0,0,9909873,9909873,9909873,9909873,0,0,0,0,0,0,0,0,0,0,0,0
0,0,10603564,10603564,10603564,10603564,0,0,0,0,0,0,0,0,0,0,0,0
0,0,11345813,11345813,11345813,11345813,0,0,0,0,0,0,0,0,0,0,0,0
0,0,12140019,12140019,12140019,12140019,0,0,0,0,0,0,0,0,0,0,0,0
0,0,14082422,14082422,14082422,14082422,0,0,0,0,0,0,0,0,0,0,0,0
0,0,14927367,14927367,14927367,14927367,0,0,0,0,0,0,0,0,0,0,0,0
0,0,15823009,15823009,15823009,15823009,0,0,0,0,0,0,0,0,0,0,0,0
0,0,16772389,16772389,16772389,16772389,0,0,0,0,0,0,0,0,0,0,0,0
0,0,17778732,17778732,17778732,17778732,0,0,0,0,0,0,0,0,0,0,0,0
0,0,20445541,20445541,20445541,20445541,0,0,0,0,0,0,0,0,0,0,0,0
0,0,21467818,21467818,21467818,21467818,0,0,0,0,0,0,0,0,0,0,0,0
0,0,22541208,22541208,22541208,22541208,0,0,0,0,0,0,0,0,0,0,0,0
0,0,23668268,23668268,23668268,23668268,0,0,0,0,0,0,0,0,0,0,0,0
0,0,24851681,24851681,24851681,24851681,0,0,0,0,0,0,0,0,0,0,0,0
0,0,28330916,28330916,28330916,28330916,0,0,0,0,0,0,0,0,0,0,0,0
0,0,29747461,29747461,29747461,29747461,0,0,0,0,0,0,0,0,0,0,0,0
0,0,31234834,31234834,31234834,31234834,0,0,0,0,0,0,0,0,0,0,0,0
0,0,32796575,32796575,32796575,32796575,0,0,0,0,0,0,0,0,0,0,0,0
0,0,34436403,34436403,34436403,34436403,0,0,0,0,0,0,0,0,0,0,0,0
0,0,38913135,38913135,38913135,38913135,0,0,0,0,0,0,0,0,0,0,0,0
0,0,40858791,40858791,40858791,40858791,0,0,0,0,0,0,0,0,0,0,0,0
0,0,42901730,42901730,42901730,42901730,0,0,0,0,0,0,0,0,0,0,0,0
0,0,45046816,45046816,45046816,45046816,0,0,0,0,0,0,0,0,0,0,0,0
0,0,47299156,47299156,47299156,47299156,0,0,0,0,0,0,0,0,0,0,0,0
0,0,52975054,52975054,52975054,52975054,0,0,0,0,0,0,0,0,0,0,0,0
0,0,55623806,55623806,55623806,55623806,0,0,0,0,0,0,0,0,0,0,0,0
0,0,58404996,58404996,58404996,58404996,0,0,0,0,0,0,0,0,0,0,0,0
0,0,61325245,61325245,61325245,61325245,0,0,0,0,0,0,0,0,0,0,0,0
0,0,64391507,64391507,64391507,64391507,0,0,0,0,0,0,0,0,0,0,0,0
0,0,71474572,71474572,71474572,71474572,0,0,0,0,0,0,0,0,0,0,0,0
0,0,75048300,75048300,75048300,75048300,0,0,0,0,0,0,0,0,0,0,0,0
0,0,78800715,78800715,78800715,78800715,0,0,0,0,0,0,0,0,0,0,0,0
0,0,82740750,82740750,82740750,82740750,0,0,0,0,0,0,0,0,0,0,0,0
0,0,86877787,86877787,86877787,86877787,0,0,0,0,0,0,0,0,0,0,0,0
0,0,95565565,95565565,95565565,95565565,0,0,0,0,0,0,0,0,0,0,0,0
0,0,100343843,100343843,100343843,100343843,0,0,0,0,0,0,0,0,0,0,0,0
0,0,105361035,105361035,105361035,105361035,0,0,0,0,0,0,0,0,0,0,0,0
0,0,110629086,110629086,110629086,110629086,0,0,0,0,0,0,0,0,0,0,0,0
0,0,116160540,116160540,116160540,116160540,0,0,0,0,0,0,0,0,0,0,0,0
0,0,126614988,126614988,126614988,126614988,0,0,0,0,0,0,0,0,0,0,0,0
0,0,131679587,131679587,131679587,131679587,0,0,0,0,0,0,0,0,0,0,0,0
0,0,136946770,136946770,136946770,136946770,0,0,0,0,0,0,0,0,0,0,0,0
0,0,142424640,142424640,142424640,142424640,0,0,0,0,0,0,0,0,0,0,0,0
0,0,148121625,148121625,148121625,148121625,0,0,0,0,0,0,0,0,0,0,0,0
0,0,161452571,161452571,161452571,161452571,0,0,0,0,0,0,0,0,0,0,0,0
0,0,167910673,167910673,167910673,167910673,0,0,0,0,0,0,0,0,0,0,0,0
0,0,174627099,174627099,174627099,174627099,0,0,0,0,0,0,0,0,0,0,0,0
0,0,181612182,181612182,181612182,181612182,0,0,0,0,0,0,0,0,0,0,0,0
0,0,188876669,188876669,188876669,188876669,0,0,0,0,0,0,0,0,0,0,0,0
0,0,205875569,205875569,205875569,205875569,0,0,0,0,0,0,0,0,0,0,0,0
0,0,214110591,214110591,214110591,214110591,0,0,0,0,0,0,0,0,0,0,0,0
0,0,222675014,222675014,222675014,222675014,0,0,0,0,0,0,0,0,0,0,0,0
0,0,231582014,231582014,231582014,231582014,0,0,0,0,0,0,0,0,0,0,0,0
0,0,240845294,240845294,240845294,240845294,0,0,0,0,0,0,0,0,0,0,0,0
0,0,289014352,289014352,289014352,289014352,0,0,0,0,0,0,0,0,0,0,0,0
0,0,346817222,346817222,346817222,346817222,0,0,0,0,0,0,0,0,0,0,0,0
0,0,416180666,416180666,416180666,416180666,0,0,0,0,0,0,0,0,0,0,0,0
0,0,499416799,499416799,499416799,499416799,0,0,0,0,0,0,0,0,0,0,0,0
0,0,599300158,599300158,599300158,599300158,0,0,0,0,0,0,0,0,0,0,0,0
0,0,1198600316,1198600316,1198600316,1198600316,0,0,0,0,0,0,0,0,0,0,0,0
0,0,1438320379,1438320379,1438320379,1438320379,0,0,0,0,0,0,0,0,0,0,0,0
0,0,1725984454,1725984454,1725984454,1725984454,0,0,0,0,0,0,0,0,0,0,0,0
0,0,2071181344,2071181344,2071181344,2071181344,0,0,0,0,0,0,0,0,0,0,0,0
0,0,3106772016,3106772016,3106772016,3106772016,0,0,0,0,0,0,0,0,0,0,0,0
0,0,3728126419,3728126419,3728126419,3728126419,0,0,0,0,0,0,0,0,0,0,0,0
0,0,4473751702,4473751702,4473751702,4473751702,0,0,0,0,0,0,0,0,0,0,0,0
0,0,5368502042,5368502042,5368502042,5368502042,0,0,0,0,0,0,0,0,0,0,0,0
0,0,6442202450,6442202450,6442202450,6442202450,0,0,0,0,0,0,0,0,0,0,0,0
0,0,9663303675,9663303675,9663303675,9663303675,0,0,0,0,0,0,0,0,0,0,0,0
0,0,19326607350,19326607350,19326607350,19326607350,0,0,0,0,0,0,0,0,0,0,0,0
0,0,21259268085,21259268085,21259268085,21259268085,0,0,0,0,0,0,0,0,0,0,0,0
0,0,23385194893,23385194893,23385194893,23385194893,0,0,0,0,0,0,0,0,0,0,0,0
0,0,25723714382,25723714382,25723714382,25723714382,0,0,0,0,0,0,0,0,0,0,0,0
0,0,28296085820,28296085820,28296085820,28296085820,0,0,0,0,0,0,0,0,0,0,0,0
0,0,31125694402,31125694402,31125694402,31125694402,0,0,0,0,0,0,0,0,0,0,0,0
0,0,34238263842,34238263842,34238263842,34238263842,0,0,0,0,0,0,0,0,0,0,0,0
0,0,37662090226,37662090226,37662090226,37662090226,0,0,0,0,0,0,0,0,0,0,0,0
0,0,41428299248,41428299248,41428299248,41428299248,0,0,0,0,0,0,0,0,0,0,0,0
0,0,45571129172,45571129172,45571129172,45571129172,0,0,0,0,0,0,0,0,0,0,0,0
0,0,50128242089,50128242089,50128242089,50128242089,0,0,0,0,0,0,0,0,0,0,0,0
0,0,55141066297,55141066297,55141066297,55141066297,0,0,0,0,0,0,0,0,0,0,0,0
0,0,60655172926,60655172926,60655172926,60655172926,0,0,0,0,0,0,0,0,0,0,0,0
0,0,66720690218,66720690218,66720690218,66720690218,0,0,0,0,0,0,0,0,0,0,0,0
0,0,73392759239,73392759239,73392759239,73392759239,0,0,0,0,0,0,0,0,0,0,0,0
0,0,80732035162,80732035162,80732035162,80732035162,0,0,0,0,0,0,0,0,0,0,0,0
0,0,88805238678,88805238678,88805238678,88805238678,0,0,0,0,0,0,0,0,0,0,0,0
0,0,97685762545,97685762545,97685762545,97685762545,0,0,0,0,0,0,0,0,0,0,0,0
0,0,107454338799,107454338799,107454338799,107454338799,0,0,0,0,0,0,0,0,0,0,0,0
0,0,118199772678,118199772678,118199772678,118199772678,0,0,0,0,0,0,0,0,0,0,0,0
0,0,0,0,130019749945,130019749945,0,0,0,0,0,0,0,0,0,0,0,0
0,0,0,0,143021724939,143021724939,0,0,0,0,0,0,0,0,0,0,0,0
0,0,0,0,157323897432,157323897432,0,0,0,0,0,0,0,0,0,0,0,0
0,0,0,0,173056287175,173056287175,0,0,0,0,0,0,0,0,0,0,0,0
0,0,0,0,190361915892,190361915892,0,0,0,0,0,0,0,0,0,0,0,0
0,0,0,0,209398107481,209398107481,0,0,0,0,0,0,0,0,0,0,0,0
0,0,0,0,230337918229,230337918229,0,0,0,0,0,0,0,0,0,0,0,0
0,0,0,0,253371710051,253371710051,0,0,0,0,0,0,0,0,0,0,0,0
0,0,0,0,278708881056,278708881056,0,0,0,0,0,0,0,0,0,0,0,0
0,0,0,0,306579769161,306579769161,0,0,0,0,0,0,0,0,0,0,0,0
0,0,0,0,337237746077,337237746077,0,0,0,0,0,0,0,0,0,0,0,0
0,0,0,0,370961520684,370961520684,0,0,0,0,0,0,0,0,0,0,0,0
0,0,0,0,408057672752,408057672752,0,0,0,0,0,0,0,0,0,0,0,0
0,0,0,0,448863440027,448863440027,0,0,0,0,0,0,0,0,0,0,0,0
0,0,0,0,493749784029,493749784029,0,0,0,0,0,0,0,0,0,0,0,0
0,0,0,0,543124762431,543124762431,0,0,0,0,0,0,0,0,0,0,0,0
0,0,0,0,597437238674,597437238674,0,0,0,0,0,0,0,0,0,0,0,0
0,0,0,0,657180962541,657180962541,0,0,0,0,0,0,0,0,0,0,0,0
0,0,0,0,722899058795,722899058795,0,0,0,0,0,0,0,0,0,0,0,0
0,0,0,0,795188964674,795188964674,0,0,0,0,0,0,0,0,0,0,0,0
0,0,0,0,803140854320,803140854320,0,0,0,0,0,0,0,0,0,0,0,0
0,0,0,0,811172262863,811172262863,0,0,0,0,0,0,0,0,0,0,0,0
0,0,0,0,819283985491,819283985491,0,0,0,0,0,0,0,0,0,0,0,0
0,0,0,0,827476825345,827476825345,0,0,0,0,0,0,0,0,0,0,0,0
0,0,0,0,835751593598,835751593598,0,0,0,0,0,0,0,0,0,0,0,0
0,0,0,0,844109109533,844109109533,0,0,0,0,0,0,0,0,0,0,0,0
0,0,0,0,852550200628,852550200628,0,0,0,0,0,0,0,0,0,0,0,0
0,0,0,0,861075702634,861075702634,0,0,0,0,0,0,0,0,0,0,0,0
0,0,0,0,869686459660,869686459660,0,0,0,0,0,0,0,0,0,0,0,0
0,0,0,0,878383324256,878383324256,0,0,0,0,0,0,0,0,0,0,0,0
0,0,0,0,904734823983,904734823983,0,0,0,0,0,0,0,0,0,0,0,0
0,0,0,0,931876868702,931876868702,0,0,0,0,0,0,0,0,0,0,0,0
0,0,0,0,959833174763,959833174763,0,0,0,0,0,0,0,0,0,0,0,0
0,0,0,0,988628170005,988628170005,0,0,0,0,0,0,0,0,0,0,0,0
0,0,0,0,1018287015105,1018287015105,0,0,0,0,0,0,0,0,0,0,0,0
0,0,0,0,1048835625558,1048835625558,0,0,0,0,0,0,0,0,0,0,0,0
0,0,0,0,1080300694324,1080300694324,0,0,0,0,0,0,0,0,0,0,0,0
0,0,0,0,1112709715153,1112709715153,0,0,0,0,0,0,0,0,0,0,0,0
0,0,0,0,1146091006607,1146091006607,0,0,0,0,0,0,0,0,0,0,0,0
0,0,0,0,1180473736805,1180473736805,0,0,0,0,0,0,0,0,0,0,0,0
0,0,0,0,1215887948909,1215887948909,0,0,0,0,0,0,0,0,0,0,0,0
0,0,0,0,1252364587376,1252364587376,0,0,0,0,0,0,0,0,0,0,0,0
0,0,0,0,1289935524997,1289935524997,0,0,0,0,0,0,0,0,0,0,0,0
0,0,0,0,1328633590746,1328633590746,0,0,0,0,0,0,0,0,0,0,0,0
0,0,0,0,1368492598468,1368492598468,0,0,0,0,0,0,0,0,0,0,0,0
0,0,0,0,1409547376422,1409547376422,0,0,0,0,0,0,0,0,0,0,0,0
0,0,0,0,1451833797714,1451833797714,0,0,0,0,0,0,0,0,0,0,0,0
0,0,0,0,1495388811645,1495388811645,0,0,0,0,0,0,0,0,0,0,0,0
0,0,0,0,1540250475994,1540250475994,0,0,0,0,0,0,0,0,0,0,0,0
0,0,0,0,1586457990273,1586457990273,0,0,0,0,0,0,0,0,0,0,0,0
0,0,0,0,1649916309883,1649916309883,0,0,0,0,0,0,0,0,0,0,0,0
0,0,0,0,1715912962278,1715912962278,0,0,0,0,0,0,0,0,0,0,0,0
0,0,0,0,1784549480769,1784549480769,0,0,0,0,0,0,0,0,0,0,0,0
0,0,0,0,1855931459999,1855931459999,0,0,0,0,0,0,0,0,0,0,0,0
0,0,0,0,1930168718398,1930168718398,0,0,0,0,0,0,0,0,0,0,0,0
0,0,0,0,2007375467133,2007375467133,0,0,0,0,0,0,0,0,0,0,0,0
0,0,0,0,2087670485818,2087670485818,0,0,0,0,0,0,0,0,0,0,0,0
0,0,0,0,2171177305250,2171177305250,0,0,0,0,0,0,0,0,0,0,0,0
0,0,0,0,2258024397460,2258024397460,0,0,0,0,0,0,0,0,0,0,0,0
0,0,0,0,2348345373358,2348345373358,0,0,0,0,0,0,0,0,0,0,0,0
0,0,0,0,2348345373358,2348345373358,0,0,0,0,0,0,0,0,0,0,0,0
0,0,0,0,2348345373358,2348345373358,0,0,0,0,0,0,0,0,0,0,0,0
0,0,0,0,2348345373358,2348345373358,0,0,0,0,0,0,0,0,0,0,0,0
0,0,0,0,2348345373358,2348345373358,0,0,0,0,0,0,0,0,0,0,0,0
0,0,0,0,2348345373358,2348345373358,0,0,0,0,0,0,0,0,0,0,0,0
0,0,0,0,2348345373358,2348345373358,0,0,0,0,0,0,0,0,0,0,0,0
0,0,0,0,2348345373358,2348345373358,0,0,0,0,0,0,0,0,0,0,0,0
0,0,0,0,2348345373358,2348345373358,0,0,0,0,0,0,0,0,0,0,0,0
0,0,0,0,2348345373358,2348345373358,0,0,0,0,0,0,0,0,0,0,0,0
0,0,0,0,2348345373358,2348345373358,0,0,0,0,0,0,0,0,0,0,0,0
0,0,0,0,2348345373358,2348345373358,0,0,0,0,0,0,0,0,0,0,0,0
0,0,0,0,2348345373358,2348345373358,0,0,0,0,0,0,0,0,0,0,0,0
0,0,0,0,2348345373358,2348345373358,0,0,0,0,0,0,0,0,0,0,0,0
0,0,0,0,2348345373358,2348345373358,0,0,0,0,0,0,0,0,0,0,0,0
0,0,0,0,2348345373358,2348345373358,0,0,0,0,0,0,0,0,0,0,0,0
0,0,0,0,2395312280825,2395312280825,0,0,0,0,0,0,0,0,0,0,0,0
0,0,0,0,2443218526442,2443218526442,0,0,0,0,0,0,0,0,0,0,0,0
0,0,0,0,2492082896971,2492082896971,0,0,0,0,0,0,0,0,0,0,0,0
0,0,0,0,2541924554910,2541924554910,0,0,0,0,0,0,0,0,0,0,0,0
0,0,0,0,2592763046008,2592763046008,0,0,0,0,0,0,0,0,0,0,0,0
0,0,0,0,2644618306928,2644618306928,0,0,0,0,0,0,0,0,0,0,0,0
0,0,0,0,2697510673067,2697510673067,0,0,0,0,0,0,0,0,0,0,0,0
0,0,0,0,2751460886528,2751460886528,0,0,0,0,0,0,0,0,0,0,0,0
0,0,0,0,2806490104259,2806490104259,0,0,0,0,0,0,0,0,0,0,0,0
0,0,0,0,2862619906344,2862619906344,0,0,0,0,0,0,0,0,0,0,0,0
0,0,0,0,2919872304471,2919872304471,0,0,0,0,0,0,0,0,0,0,0,0
0,0,0,0,2978269750560,2978269750560,0,0,0,0,0,0,0,0,0,0,0,0
0,0,0,0,3037835145571,3037835145571,0,0,0,0,0,0,0,0,0,0,0,0
0,0,0,0,3098591848483,3098591848483,0,0,0,0,0,0,0,0,0,0,0,0
0,0,0,0,3160563685452,3160563685452,0,0,0,0,0,0,0,0,0,0,0,0
0,0,0,0,3223774959162,3223774959162,0,0,0,0,0,0,0,0,0,0,0,0
0,0,0,0,3288250458345,3288250458345,0,0,0,0,0,0,0,0,0,0,0,0
0,0,0,0,3354015467512,3354015467512,0,0,0,0,0,0,0,0,0,0,0,0
0,0,0,0,3421095776862,3421095776862,0,0,0,0,0,0,0,0,0,0,0,0
0,0,0,0,3489517692399,3489517692399,0,0,0,0,0,0,0,0,0,0,0,0
0,0,0,0,3559308046247,3559308046247,0,0,0,0,0,0,0,0,0,0,0,0
0,0,0,0,3630494207172,3630494207172,0,0,0,0,0,0,0,0,0,0,0,0
0,0,0,0,3703104091316,3703104091316,0,0,0,0,0,0,0,0,0,0,0,0
0,0,0,0,3777166173142,3777166173142,0,0,0,0,0,0,0,0,0,0,0,0
0,0,0,0,3852709496605,3852709496605,0,0,0,0,0,0,0,0,0,0,0,0
0,0,0,0,3929763686537,3929763686537,0,0,0,0,0,0,0,0,0,0,0,0
0,0,0,0,4008358960267,4008358960267,0,0,0,0,0,0,0,0,0,0,0,0
0,0,0,0,4088526139473,4088526139473,0,0,0,0,0,0,0,0,0,0,0,0
0,0,0,0,4170296662262,4170296662262,0,0,0,0,0,0,0,0,0,0,0,0
0,0,0,0,4253702595508,4253702595508,0,0,0,0,0,0,0,0,0,0,0,0
0,0,0,0,4338776647418,4338776647418,0,0,0,0,0,0,0,0,0,0,0,0
0,0,0,0,4425552180366,4425552180366,0,0,0,0,0,0,0,0,0,0,0,0
0,0,0,0,4514063223973,4514063223973,0,0,0,0,0,0,0,0,0,0,0,0
0,0,0,0,4604344488453,4604344488453,0,0,0,0,0,0,0,0,0,0,0,0
0,0,0,0,4696431378222,4696431378222,0,0,0,0,0,0,0,0,0,0,0,0
0,0,0,0,4790360005786,4790360005786,0,0,0,0,0,0,0,0,0,0,0,0
0,0,0,0,4886167205902,4886167205902,0,0,0,0,0,0,0,0,0,0,0,0
0,0,0,0,4983890550020,4983890550020,0,0,0,0,0,0,0,0,0,0,0,0
0,0,0,0,5083568361020,5083568361020,0,0,0,0,0,0,0,0,0,0,0,0
0,0,0,0,5185239728241,5185239728241,0,0,0,0,0,0,0,0,0,0,0,0
0,0,0,0,5288944522806,5288944522806,0,0,0,0,0,0,0,0,0,0,0,0
0,0,0,0,5394723413262,5394723413262,0,0,0,0,0,0,0,0,0,0,0,0
0,0,0,0,5502617881527,5502617881527,0,0,0,0,0,0,0,0,0,0,0,0
0,0,0,0,5612670239158,5612670239158,0,0,0,0,0,0,0,0,0,0,0,0
0,0,0,0,5724923643941,5724923643941,0,0,0,0,0,0,0,0,0,0,0,0
0,0,0,0,5839422116820,5839422116820,0,0,0,0,0,0,0,0,0,0,0,0
0,0,0,0,5956210559156,5956210559156,0,0,0,0,0,0,0,0,0,0,0,0
0,0,0,0,6075334770339,6075334770339,0,0,0,0,0,0,0,0,0,0,0,0
0,0,0,0,6196841465746,6196841465746,0,0,0,0,0,0,0,0,0,0,0,0
0,0,0,0,6320778295061,6320778295061,0,0,0,0,0,0,0,0,0,0,0,0
0,0,0,0,6447193860962,6447193860962,0,0,0,0,0,0,0,0,0,0,0,0
0,0,0,0,6576137738181,6576137738181,0,0,0,0,0,0,0,0,0,0,0,0
0,0,0,0,6707660492945,6707660492945,0,0,0,0,0,0,0,0,0,0,0,0
0,0,0,0,6841813702804,6841813702804,0,0,0,0,0,0,0,0,0,0,0,0
0,0,0,0,6978649976860,6978649976860,0,0,0,0,0,0,0,0,0,0,0,0
0,0,0,0,7118222976397,7118222976397,0,0,0,0,0,0,0,0,0,0,0,0
0,0,0,0,7260587435925,7260587435925,0,0,0,0,0,0,0,0,0,0,0,0
0,0,0,0,7405799184643,7405799184643,0,0,0,0,0,0,0,0,0,0,0,0
0,0,0,0,7553915168336,7553915168336,0,0,0,0,0,0,0,0,0,0,0,0
0,0,0,0,7704993471703,7704993471703,0,0,0,0,0,0,0,0,0,0,0,0
0,0,0,0,7859093341137,7859093341137,0,0,0,0,0,0,0,0,0,0,0,0
0,0,0,0,8016275207960,8016275207960,0,0,0,0,0,0,0,0,0,0,0,0
0,0,0,0,8176600712119,8176600712119,0,0,0,0,0,0,0,0,0,0,0,0
0,0,0,0,8340132726361,8340132726361,0,0,0,0,0,0,0,0,0,0,0,0
0,0,0,0,8506935380889,8506935380889,0,0,0,0,0,0,0,0,0,0,0,0
0,0,0,0,8677074088506,8677074088506,0,0,0,0,0,0,0,0,0,0,0,0
0,0,0,0,8850615570277,8850615570277,0,0,0,0,0,0,0,0,0,0,0,0
0,0,0,0,9027627881682,9027627881682,0,0,0,0,0,0,0,0,0,0,0,0
0,0,0,0,9208180439316,9208180439316,0,0,0,0,0,0,0,0,0,0,0,0
0,0,0,0,9392344048102,9392344048102,0,0,0,0,0,0,0,0,0,0,0,0
0,0,0,0,9580190929064,9580190929064,0,0,0,0,0,0,0,0,0,0,0,0
0,0,0,0,9771794747645,9771794747645,0,0,0,0,0,0,0,0,0,0,0,0
0,0,0,0,9967230642598,9967230642598,0,0,0,0,0,0,0,0,0,0,0,0
0,0,0,0,10166575255450,10166575255450,0,0,0,0,0,0,0,0,0,0,0,0
0,0,0,0,10369906760559,10369906760559,0,0,0,0,0,0,0,0,0,0,0,0
0,0,0,0,10577304895771,10577304895771,0,0,0,0,0,0,0,0,0,0,0,0
0,0,0,0,10788850993686,10788850993686,0,0,0,0,0,0,0,0,0,0,0,0
0,0,0,0,11004628013560,11004628013560,0,0,0,0,0,0,0,0,0,0,0,0
0,0,0,0,11224720573831,11224720573831,0,0,0,0,0,0,0,0,0,0,0,0
0,0,0,0,11449214985307,11449214985307,0,0,0,0,0,0,0,0,0,0,0,0
0,0,0,0,11678199285014,11678199285014,0,0,0,0,0,0,0,0,0,0,0,0
0,0,0,0,11911763270714,11911763270714,0,0,0,0,0,0,0,0,0,0,0,0
0,0,0,0,12149998536128,12149998536128,0,0,0,0,0,0,0,0,0,0,0,0
0,0,0,0,12392998506851,12392998506851,0,0,0,0,0,0,0,0,0,0,0,0
0,0,0,0,12640858476988,12640858476988,0,0,0,0,0,0,0,0,0,0,0,0
0,0,0,0,12893675646527,12893675646527,0,0,0,0,0,0,0,0,0,0,0,0
0,0,0,0,13151549159458,13151549159458,0,0,0,0,0,0,0,0,0,0,0,0
0,0,0,0,13414580142647,13414580142647,0,0,0,0,0,0,0,0,0,0,0,0
0,0,0,0,13682871745500,13682871745500,0,0,0,0,0,0,0,0,0,0,0,0
0,0,0,0,13956529180410,13956529180410,0,0,0,0,0,0,0,0,0,0,0,0
0,0,0,0,14235659764018,14235659764018,0,0,0,0,0,0,0,0,0,0,0,0
0,0,0,0,14520372959299,14520372959299,0,0,0,0,0,0,0,0,0,0,0,0
0,0,0,0,14810780418485,14810780418485,0,0,0,0,0,0,0,0,0,0,0,0
0,0,0,0,15106996026854,15106996026854,0,0,0,0,0,0,0,0,0,0,0,0
0,0,0,0,15409135947391,15409135947391,0,0,0,0,0,0,0,0,0,0,0,0
0,0,0,0,15717318666339,15717318666339,0,0,0,0,0,0,0,0,0,0,0,0
0,0,0,0,16031665039666,16031665039666,0,0,0,0,0,0,0,0,0,0,0,0
0,0,0,0,16352298340459,16352298340459,0,0,0,0,0,0,0,0,0,0,0,0
0,0,0,0,16679344307269,16679344307269,0,0,0,0,0,0,0,0,0,0,0,0
0,0,0,0,17012931193414,17012931193414,0,0,0,0,0,0,0,0,0,0,0,0
0,0,0,0,17353189817282,17353189817282,0,0,0,0,0,0,0,0,0,0,0,0
0,0,0,0,17700253613628,17700253613628,0,0,0,0,0,0,0,0,0,0,0,0
0,0,0,0,18054258685900,18054258685900,0,0,0,0,0,0,0,0,0,0,0,0
0,0,0,0,18415343859618,18415343859618,0,0,0,0,0,0,0,0,0,0,0,0
0,0,0,0,18783650736811,18783650736811,0,0,0,0,0,0,0,0,0,0,0,0
0,0,0,0,19159323751547,19159323751547,0,0,0,0,0,0,0,0,0,0,0,0
0,0,0,0,19542510226578,19542510226578,0,0,0,0,0,0,0,0,0,0,0,0
0,0,0,0,19933360431110,19933360431110,0,0,0,0,0,0,0,0,0,0,0,0
0,0,0,0,20332027639732,20332027639732,0,0,0,0,0,0,0,0,0,0,0,0
0,0,0,0,20738668192526,20738668192526,0,0,0,0,0,0,0,0,0,0,0,0
0,0,0,0,21153441556377,21153441556377,0,0,0,0,0,0,0,0,0,0,0,0
0,0,0,0,21576510387504,21576510387504,0,0,0,0,0,0,0,0,0,0,0,0
0,0,0,0,22008040595254,22008040595254,0,0,0,0,0,0,0,0,0,0,0,0
0,0,0,0,22448201407160,22448201407160,0,0,0,0,0,0,0,0,0,0,0,0
0,0,0,0,22897165435303,22897165435303,0,0,0,0,0,0,0,0,0,0,0,0
0,0,0,0,23355108744009,23355108744009,0,0,0,0,0,0,0,0,0,0,0,0
0,0,0,0,23822210918889,23822210918889,0,0,0,0,0,0,0,0,0,0,0,0
0,0,0,0,24298655137267,24298655137267,0,0,0,0,0,0,0,0,0,0,0,0
0,0,0,0,24784628240012,24784628240012,0,0,0,0,0,0,0,0,0,0,0,0
0,0,0,0,25280320804812,25280320804812,0,0,0,0,0,0,0,0,0,0,0,0
0,0,0,0,25785927220909,25785927220909,0,0,0,0,0,0,0,0,0,0,0,0
0,0,0,0,26301645765327,26301645765327,0,0,0,0,0,0,0,0,0,0,0,0
0,0,0,0,26827678680633,26827678680633,0,0,0,0,0,0,0,0,0,0,0,0
0,0,0,0,27364232254246,27364232254246,0,0,0,0,0,0,0,0,0,0,0,0
0,0,0,0,27911516899331,27911516899331,0,0,0,0,0,0,0,0,0,0,0,0
0,0,0,0,28469747237318,28469747237318,0,0,0,0,0,0,0,0,0,0,0,0
0,0,0,0,29039142182064,29039142182064,0,0,0,0,0,0,0,0,0,0,0,0
0,0,0,0,29619925025705,29619925025705,0,0,0,0,0,0,0,0,0,0,0,0
0,0,0,0,30212323526219,30212323526219,0,0,0,0,0,0,0,0,0,0,0,0
0,0,0,0,30816569996744,30816569996744,0,0,0,0,0,0,0,0,0,0,0,0
0,0,0,0,31432901396679,31432901396679,0,0,0,0,0,0,0,0,0,0,0,0
0,0,0,0,32061559424612,32061559424612,0,0,0,0,0,0,0,0,0,0,0,0
0,0,0,0,32702790613104,32702790613104,0,0,0,0,0,0,0,0,0,0,0,0
0,0,0,0,33356846425366,33356846425366,0,0,0,0,0,0,0,0,0,0,0,0
0,0,0,0,34023983353874,34023983353874,0,0,0,0,0,0,0,0,0,0,0,0
0,0,0,0,34704463020951,34704463020951,0,0,0,0,0,0,0,0,0,0,0,0
0,0,0,0,35398552281370,35398552281370,0,0,0,0,0,0,0,0,0,0,0,0
0,0,0,0,36106523326998,36106523326998,0,0,0,0,0,0,0,0,0,0,0,0
0,0,0,0,36828653793538,36828653793538,0,0,0,0,0,0,0,0,0,0,0,0
0,0,0,0,37565226869408,37565226869408,0,0,0,0,0,0,0,0,0,0,0,0
0,0,0,0,38316531406797,38316531406797,0,0,0,0,0,0,0,0,0,0,0,0
0,0,0,0,39082862034932,39082862034932,0,0,0,0,0,0,0,0,0,0,0,0
0,0,0,0,39864519275631,39864519275631,0,0,0,0,0,0,0,0,0,0,0,0
0,0,0,0,40661809661144,40661809661144,0,0,0,0,0,0,0,0,0,0,0,0
0,0,0,0,41475045854367,41475045854367,0,0,0,0,0,0,0,0,0,0,0,0
0,0,0,0,42304546771454,42304546771454,0,0,0,0,0,0,0,0,0,0,0,0
0,0,0,0,43150637706883,43150637706883,0,0,0,0,0,0,0,0,0,0,0,0
0,0,0,0,44013650461021,44013650461021,0,0,0,0,0,0,0,0,0,0,0,0
0,0,0,0,44893923470241,44893923470241,0,0,0,0,0,0,0,0,0,0,0,0
0,0,0,0,45791801939646,45791801939646,0,0,0,0,0,0,0,0,0,0,0,0
0,0,0,0,46707637978439,46707637978439,0,0,0,0,0,0,0,0,0,0,0,0
0,0,0,0,47641790738008,47641790738008,0,0,0,0,0,0,0,0,0,0,0,0
0,0,0,0,48594626552768,48594626552768,0,0,0,0,0,0,0,0,0,0,0,0
0,0,0,0,49566519083823,49566519083823,0,0,0,0,0,0,0,0,0,0,0,0
0,0,0,0,50557849465500,50557849465500,0,0,0,0,0,0,0,0,0,0,0,0
0,0,0,0,51569006454810,51569006454810,0,0,0,0,0,0,0,0,0,0,0,0
0,0,0,0,52600386583906,52600386583906,0,0,0,0,0,0,0,0,0,0,0,0
0,0,0,0,53652394315584,53652394315584,0,0,0,0,0,0,0,0,0,0,0,0
0,0,0,0,54725442201896,54725442201896,0,0,0,0,0,0,0,0,0,0,0,0
0,0,0,0,55819951045933,55819951045933,0,0,0,0,0,0,0,0,0,0,0,0
0,0,0,0,56936350066852,56936350066852,0,0,0,0,0,0,0,0,0,0,0,0
0,0,0,0,58075077068189,58075077068189,0,0,0,0,0,0,0,0,0,0,0,0
0,0,0,0,59236578609553,59236578609553,0,0,0,0,0,0,0,0,0,0,0,0
0,0,0,0,60421310181744,60421310181744,0,0,0,0,0,0,0,0,0,0,0,0
0,0,0,0,61629736385379,61629736385379,0,0,0,0,0,0,0,0,0,0,0,0
0,0,0,0,62862331113086,62862331113086,0,0,0,0,0,0,0,0,0,0,0,0
0,0,0,0,64119577735348,64119577735348,0,0,0,0,0,0,0,0,0,0,0,0
0,0,0,0,65401969290055,65401969290055,0,0,0,0,0,0,0,0,0,0,0,0
0,0,0,0,66710008675856,66710008675856,0,0,0,0,0,0,0,0,0,0,0,0
0,0,0,0,68044208849373,68044208849373,0,0,0,0,0,0,0,0,0,0,0,0
0,0,0,0,69405093026361,69405093026361,0,0,0,0,0,0,0,0,0,0,0,0
0,0,0,0,70793194886888,70793194886888,0,0,0,0,0,0,0,0,0,0,0,0
0,0,0,0,72209058784626,72209058784626,0,0,0,0,0,0,0,0,0,0,0,0
0,0,0,0,73653239960318,73653239960318,0,0,0,0,0,0,0,0,0,0,0,0
0,0,0,0,75126304759525,75126304759525,0,0,0,0,0,0,0,0,0,0,0,0
0,0,0,0,76628830854715,76628830854715,0,0,0,0,0,0,0,0,0,0,0,0
0,0,0,0,78161407471809,78161407471809,0,0,0,0,0,0,0,0,0,0,0,0
0,0,0,0,79724635621246,79724635621246,0,0,0,0,0,0,0,0,0,0,0,0
0,0,0,0,81319128333671,81319128333671,0,0,0,0,0,0,0,0,0,0,0,0
0,0,0,0,82945510900344,82945510900344,0,0,0,0,0,0,0,0,0,0,0,0
0,0,0,0,84604421118351,84604421118351,0,0,0,0,0,0,0,0,0,0,0,0
0,0,0,0,86296509540718,86296509540718,0,0,0,0,0,0,0,0,0,0,0,0
0,0,0,0,88022439731532,88022439731532,0,0,0,0,0,0,0,0,0,0,0,0
0,0,0,0,89782888526163,89782888526163,0,0,0,0,0,0,0,0,0,0,0,0
0,0,0,0,91578546296686,91578546296686,0,0,0,0,0,0,0,0,0,0,0,0
0,0,0,0,93410117222620,93410117222620,0,0,0,0,0,0,0,0,0,0,0,0
0,0,0,0,95278319567072,95278319567072,0,0,0,0,0,0,0,0,0,0,0,0
0,0,0,0,97183885958414,97183885958414,0,0,0,0,0,0,0,0,0,0,0,0
0,0,0,0,99127563677582,99127563677582,0,0,0,0,0,0,0,0,0,0,0,0
0,0,0,0,101110114951134,101110114951134,0,0,0,0,0,0,0,0,0,0,0,0
0,0,0,0,103132317250156,103132317250156,0,0,0,0,0,0,0,0,0,0,0,0
0,0,0,0,105194963595159,105194963595159,0,0,0,0,0,0,0,0,0,0,0,0
0,0,0,0,107298862867063,107298862867063,0,0,0,0,0,0,0,0,0,0,0,0
0,0,0,0,109444840124404,109444840124404,0,0,0,0,0,0,0,0,0,0,0,0
0,0,0,0,111633736926892,111633736926892,0,0,0,0,0,0,0,0,0,0,0,0
0,0,0,0,113866411665430,113866411665430,0,0,0,0,0,0,0,0,0,0,0,0
0,0,0,0,116143739898738,116143739898738,0,0,0,0,0,0,0,0,0,0,0,0
0,0,0,0,118466614696713,118466614696713,0,0,0,0,0,0,0,0,0,0,0,0
0,0,0,0,120835946990647,120835946990647,0,0,0,0,0,0,0,0,0,0,0,0
0,0,0,0,123252665930460,123252665930460,0,0,0,0,0,0,0,0,0,0,0,0
0,0,0,0,125717719249069,125717719249069,0,0,0,0,0,0,0,0,0,0,0,0
0,0,0,0,128232073634051,128232073634051,0,0,0,0,0,0,0,0,0,0,0,0
0,0,0,0,130796715106732,130796715106732,0,0,0,0,0,0,0,0,0,0,0,0
0,0,0,0,133412649408867,133412649408867,0,0,0,0,0,0,0,0,0,0,0,0
0,0,0,0,136080902397044,136080902397044,0,0,0,0,0,0,0,0,0,0,0,0
0,0,0,0,138802520444985,138802520444985,0,0,0,0,0,0,0,0,0,0,0,0
0,0,0,0,141578570853884,141578570853884,0,0,0,0,0,0,0,0,0,0,0,0
0,0,0,0,144410142270962,144410142270962,0,0,0,0,0,0,0,0,0,0,0,0
0,0,0,0,147298345116381,147298345116381,0,0,0,0,0,0,0,0,0,0,0,0
0,0,0,0,150244312018709,150244312018709,0,0,0,0,0,0,0,0,0,0,0,0
0,0,0,0,153249198259083,153249198259083,0,0,0,0,0,0,0,0,0,0,0,0
0,0,0,0,156314182224265,156314182224265,0,0,0,0,0,0,0,0,0,0,0,0
0,0,0,0,159440465868750,159440465868750,0,0,0,0,0,0,0,0,0,0,0,0
0,0,0,0,162629275186125,162629275186125,0,0,0,0,0,0,0,0,0,0,0,0
0,0,0,0,165881860689848,165881860689848,0,0,0,0,0,0,0,0,0,0,0,0
0,0,0,0,169199497903645,169199497903645,0,0,0,0,0,0,0,0,0,0,0,0
0,0,0,0,172583487861718,172583487861718,0,0,0,0,0,0,0,0,0,0,0,0
0,0,0,0,176035157618952,176035157618952,0,0,0,0,0,0,0,0,0,0,0,0
0,0,0,0,179555860771331,179555860771331,0,0,0,0,0,0,0,0,0,0,0,0
0,0,0,0,183146977986758,183146977986758,0,0,0,0,0,0,0,0,0,0,0,0
0,0,0,0,186809917546493,186809917546493,0,0,0,0,0,0,0,0,0,0,0,0
0,0,0,0,190546115897423,190546115897423,0,0,0,0,0,0,0,0,0,0,0,0
0,0,0,0,194357038215371,194357038215371,0,0,0,0,0,0,0,0,0,0,0,0
0,0,0,0,198244178979678,198244178979678,0,0,0,0,0,0,0,0,0,0,0,0
0,0,0,0,202209062559272,202209062559272,0,0,0,0,0,0,0,0,0,0,0,0
0,0,0,0,206253243810457,206253243810457,0,0,0,0,0,0,0,0,0,0,0,0
0,0,0,0,210378308686667,210378308686667,0,0,0,0,0,0,0,0,0,0,0,0
0,0,0,0,214585874860400,214585874860400,0,0,0,0,0,0,0,0,0,0,0,0
0,0,0,0,218877592357608,218877592357608,0,0,0,0,0,0,0,0,0,0,0,0
0,0,0,0,223255144204760,223255144204760,0,0,0,0,0,0,0,0,0,0,0,0
0,0,0,0,227720247088855,227720247088855,0,0,0,0,0,0,0,0,0,0,0,0
0,0,0,0,232274652030632,232274652030632,0,0,0,0,0,0,0,0,0,0,0,0
0,0,0,0,236920145071245,236920145071245,0,0,0,0,0,0,0,0,0,0,0,0
0,0,0,0,241658547972670,241658547972670,0,0,0,0,0,0,0,0,0,0,0,0
0,0,0,0,246491718932123,246491718932123,0,0,0,0,0,0,0,0,0,0,0,0
0,0,0,0,251421553310766,251421553310766,0,0,0,0,0,0,0,0,0,0,0,0
0,0,0,0,256449984376981,256449984376981,0,0,0,0,0,0,0,0,0,0,0,0
0,0,0,0,261578984064521,261578984064521,0,0,0,0,0,0,0,0,0,0,0,0
0,0,0,0,266810563745811,266810563745811,0,0,0,0,0,0,0,0,0,0,0,0
0,0,0,0,272146775020727,272146775020727,0,0,0,0,0,0,0,0,0,0,0,0
0,0,0,0,277589710521142,277589710521142,0,0,0,0,0,0,0,0,0,0,0,0
0,0,0,0,283141504731565,283141504731565,0,0,0,0,0,0,0,0,0,0,0,0
0,0,0,0,288804334826196,288804334826196,0,0,0,0,0,0,0,0,0,0,0,0
0,0,0,0,294580421522720,294580421522720,0,0,0,0,0,0,0,0,0,0,0,0
0,0,0,0,300472029953175,300472029953175,0,0,0,0,0,0,0,0,0,0,0,0
0,0,0,0,306481470552238,306481470552238,0,0,0,0,0,0,0,0,0,0,0,0
0,0,0,0,312611099963283,312611099963283,0,0,0,0,0,0,0,0,0,0,0,0
0,0,0,0,318863321962548,318863321962548,0,0,0,0,0,0,0,0,0,0,0,0
0,0,0,0,325240588401799,325240588401799,0,0,0,0,0,0,0,0,0,0,0,0
0,0,0,0,331745400169835,331745400169835,0,0,0,0,0,0,0,0,0,0,0,0
0,0,0,0,338380308173232,338380308173232,0,0,0,0,0,0,0,0,0,0,0,0
0,0,0,0,345147914336697,345147914336697,0,0,0,0,0,0,0,0,0,0,0,0
0,0,0,0,352050872623431,352050872623431,0,0,0,0,0,0,0,0,0,0,0,0
0,0,0,0,359091890075899,359091890075899,0,0,0,0,0,0,0,0,0,0,0,0
0,0,0,0,366273727877417,366273727877417,0,0,0,0,0,0,0,0,0,0,0,0
0,0,0,0,373599202434966,373599202434966,0,0,0,0,0,0,0,0,0,0,0,0
0,0,0,0,381071186483665,381071186483665,0,0,0,0,0,0,0,0,0,0,0,0
0,0,0,0,388692610213338,388692610213338,0,0,0,0,0,0,0,0,0,0,0,0
0,0,0,0,396466462417605,396466462417605,0,0,0,0,0,0,0,0,0,0,0,0
0,0,0,0,404395791665957,404395791665957,0,0,0,0,0,0,0,0,0,0,0,0
0,0,0,0,412483707499276,412483707499276,0,0,0,0,0,0,0,0,0,0,0,0
0,0,0,0,420733381649262,420733381649262,0,0,0,0,0,0,0,0,0,0,0,0
0,0,0,0,429148049282247,429148049282247,0,0,0,0,0,0,0,0,0,0,0,0
0,0,0,0,437731010267892,437731010267892,0,0,0,0,0,0,0,0,0,0,0,0
0,0,0,0,446485630473250,446485630473250,0,0,0,0,0,0,0,0,0,0,0,0
0,0,0,0,455415343082715,455415343082715,0,0,0,0,0,0,0,0,0,0,0,0
0,0,0,0,464523649944369,464523649944369,0,0,0,0,0,0,0,0,0,0,0,0
0,0,0,0,473814122943257,473814122943257,0,0,0,0,0,0,0,0,0,0,0,0
0,0,0,0,483290405402122,483290405402122,0,0,0,0,0,0,0,0,0,0,0,0
0,0,0,0,492956213510164,492956213510164,0,0,0,0,0,0,0,0,0,0,0,0
0,0,0,0,502815337780368,502815337780368,0,0,0,0,0,0,0,0,0,0,0,0
0,0,0,0,512871644535975,512871644535975,0,0,0,0,0,0,0,0,0,0,0,0
0,0,0,0,523129077426694,523129077426694,0,0,0,0,0,0,0,0,0,0,0,0
0,0,0,0,533591658975228,533591658975228,0,0,0,0,0,0,0,0,0,0,0,0
0,0,0,0,544263492154733,544263492154733,0,0,0,0,0,0,0,0,0,0,0,0
0,0,0,0,555148761997828,555148761997828,0,0,0,0,0,0,0,0,0,0,0,0
0,0,0,0,566251737237784,566251737237784,0,0,0,0,0,0,0,0,0,0,0,0
0,0,0,0,577576771982540,577576771982540,0,0,0,0,0,0,0,0,0,0,0,0
0,0,0,0,589128307422191,589128307422191,0,0,0,0,0,0,0,0,0,0,0,0
0,0,0,0,600910873570634,600910873570634,0,0,0,0,0,0,0,0,0,0,0,0
0,0,0,0,612929091042047,612929091042047,0,0,0,0,0,0,0,0,0,0,0,0
0,0,0,0,625187672862888,625187672862888,0,0,0,0,0,0,0,0,0,0,0,0
0,0,0,0,637691426320146,637691426320146,0,0,0,0,0,0,0,0,0,0,0,0
0,0,0,0,650445254846549,650445254846549,0,0,0,0,0,0,0,0,0,0,0,0
0,0,0,0,663454159943480,663454159943480,0,0,0,0,0,0,0,0,0,0,0,0
0,0,0,0,676723243142349,676723243142349,0,0,0,0,0,0,0,0,0,0,0,0
0,0,0,0,690257708005196,690257708005196,0,0,0,0,0,0,0,0,0,0,0,0
0,0,0,0,704062862165300,704062862165300,0,0,0,0,0,0,0,0,0,0,0,0
0,0,0,0,718144119408606,718144119408606,0,0,0,0,0,0,0,0,0,0,0,0
0,0,0,0,732507001796779,732507001796779,0,0,0,0,0,0,0,0,0,0,0,0
0,0,0,0,747157141832714,747157141832714,0,0,0,0,0,0,0,0,0,0,0,0
0,0,0,0,762100284669368,762100284669368,0,0,0,0,0,0,0,0,0,0,0,0
0,0,0,0,777342290362756,777342290362756,0,0,0,0,0,0,0,0,0,0,0,0
0,0,0,0,792889136170011,792889136170011,0,0,0,0,0,0,0,0,0,0,0,0
0,0,0,0,808746918893411,808746918893411,0,0,0,0,0,0,0,0,0,0,0,0
0,0,0,0,824921857271279,824921857271279,0,0,0,0,0,0,0,0,0,0,0,0
0,0,0,0,841420294416705,841420294416705,0,0,0,0,0,0,0,0,0,0,0,0
0,0,0,0,858248700305039,858248700305039,0,0,0,0,0,0,0,0,0,0,0,0
0,0,0,0,875413674311140,875413674311140,0,0,0,0,0,0,0,0,0,0,0,0
0,0,0,0,892921947797363,892921947797363,0,0,0,0,0,0,0,0,0,0,0,0
0,0,0,0,910780386753310,910780386753310,0,0,0,0,0,0,0,0,0,0,0,0
0,0,0,0,928995994488376,928995994488376,0,0,0,0,0,0,0,0,0,0,0,0
0,0,0,0,947575914378144,947575914378144,0,0,0,0,0,0,0,0,0,0,0,0
0,0,0,0,966527432665707,966527432665707,0,0,0,0,0,0,0,0,0,0,0,0
0,0,0,0,985857981319021,985857981319021,0,0,0,0,0,0,0,0,0,0,0,0
0,0,0,0,1005575140945400,1005575140945400,0,0,0,0,0,0,0,0,0,0,0,0
0,0,0,0,1025686643764310,1025686643764310,0,0,0,0,0,0,0,0,0,0,0,0
0,0,0,0,1046200376639600,1046200376639600,0,0,0,0,0,0,0,0,0,0,0,0
0,0,0,0,1067124384172390,1067124384172390,0,0,0,0,0,0,0,0,0,0,0,0
0,0,0,0,1088466871855840,1088466871855840,0,0,0,0,0,0,0,0,0,0,0,0
0,0,0,0,1110236209292950,1110236209292950,0,0,0,0,0,0,0,0,0,0,0,0
0,0,0,0,1132440933478810,1132440933478810,0,0,0,0,0,0,0,0,0,0,0,0
0,0,0,0,1155089752148390,1155089752148390,0,0,0,0,0,0,0,0,0,0,0,0
0,0,0,0,1178191547191350,1178191547191350,0,0,0,0,0,0,0,0,0,0,0,0
0,0,0,0,1201755378135180,1201755378135180,0,0,0,0,0,0,0,0,0,0,0,0
0,0,0,0,1225790485697890,1225790485697890,0,0,0,0,0,0,0,0,0,0,0,0
0,0,0,0,1250306295411840,1250306295411840,0,0,0,0,0,0,0,0,0,0,0,0
0,0,0,0,1275312421320080,1275312421320080,0,0,0,0,0,0,0,0,0,0,0,0
0,0,0,0,1300818669746480,1300818669746480,0,0,0,0,0,0,0,0,0,0,0,0
0,0,0,0,1326835043141410,1326835043141410,0,0,0,0,0,0,0,0,0,0,0,0
0,0,0,0,1353371744004240,1353371744004240,0,0,0,0,0,0,0,0,0,0,0,0
0,0,0,0,1380439178884320,1380439178884320,0,0,0,0,0,0,0,0,0,0,0,0
0,0,0,0,1408047962462010,1408047962462010,0,0,0,0,0,0,0,0,0,0,0,0
0,0,0,0,1436208921711250,1436208921711250,0,0,0,0,0,0,0,0,0,0,0,0
0,0,0,0,1464933100145480,1464933100145480,0,0,0,0,0,0,0,0,0,0,0,0
0,0,0,0,1494231762148390,1494231762148390,0,0,0,0,0,0,0,0,0,0,0,0
0,0,0,0,1524116397391350,1524116397391350,0,0,0,0,0,0,0,0,0,0,0,0
0,0,0,0,1554598725339180,1554598725339180,0,0,0,0,0,0,0,0,0,0,0,0
0,0,0,0,1585690699845960,1585690699845960,0,0,0,0,0,0,0,0,0,0,0,0
0,0,0,0,1617404513842880,1617404513842880,0,0,0,0,0,0,0,0,0,0,0,0
0,0,0,0,1649752604119740,1649752604119740,0,0,0,0,0,0,0,0,0,0,0,0
0,0,0,0,1682747656202140,1682747656202140,0,0,0,0,0,0,0,0,0,0,0,0
0,0,0,0,1716402609326180,1716402609326180,0,0,0,0,0,0,0,0,0,0,0,0
0,0,0,0,1750730661512700,1750730661512700,0,0,0,0,0,0,0,0,0,0,0,0
0,0,0,0,1785745274742960,1785745274742960,0,0,0,0,0,0,0,0,0,0,0,0
0,0,0,0,1821460180237820,1821460180237820,0,0,0,0,0,0,0,0,0,0,0,0
0,0,0,0,1857889383842570,1857889383842570,0,0,0,0,0,0,0,0,0,0,0,0
0,0,0,0,1895047171519420,1895047171519420,0,0,0,0,0,0,0,0,0,0,0,0
0,0,0,0,1932948114949810,1932948114949810,0,0,0,0,0,0,0,0,0,0,0,0
0,0,0,0,1971607077248810,1971607077248810,0,0,0,0,0,0,0,0,0,0,0,0
0,0,0,0,2011039218793780,2011039218793780,0,0,0,0,0,0,0,0,0,0,0,0
0,0,0,0,2051260003169660,2051260003169660,0,0,0,0,0,0,0,0,0,0,0,0
0,0,0,0,2092285203233050,2092285203233050,0,0,0,0,0,0,0,0,0,0,0,0
0,0,0,0,2134130907297710,2134130907297710,0,0,0,0,0,0,0,0,0,0,0,0
0,0,0,0,2176813525443670,2176813525443670,0,0,0,0,0,0,0,0,0,0,0,0
0,0,0,0,2220349795952540,2220349795952540,0,0,0,0,0,0,0,0,0,0,0,0
0,0,0,0,2264756791871590,2264756791871590,0,0,0,0,0,0,0,0,0,0,0,0
0,0,0,0,2310051927709030,2310051927709030,0,0,0,0,0,0,0,0,0,0,0,0
0,0,0,0,2356252966263210,2356252966263210,0,0,0,0,0,0,0,0,0,0,0,0
0,0,0,0,2403378025588470,2403378025588470,0,0,0,0,0,0,0,0,0,0,0,0
0,0,0,0,2451445586100240,2451445586100240,0,0,0,0,0,0,0,0,0,0,0,0
0,0,0,0,2500474497822240,2500474497822240,0,0,0,0,0,0,0,0,0,0,0,0
0,0,0,0,2550483987778690,2550483987778690,0,0,0,0,0,0,0,0,0,0,0,0
0,0,0,0,2601493667534260,2601493667534260,0,0,0,0,0,0,0,0,0,0,0,0
0,0,0,0,2653523540884950,2653523540884950,0,0,0,0,0,0,0,0,0,0,0,0
0,0,0,0,2706594011702650,2706594011702650,0,0,0,0,0,0,0,0,0,0,0,0
0,0,0,0,2760725891936700,2760725891936700,0,0,0,0,0,0,0,0,0,0,0,0
0,0,0,0,2815940409775430,2815940409775430,0,0,0,0,0,0,0,0,0,0,0,0
0,0,0,0,2872259217970940,2872259217970940,0,0,0,0,0,0,0,0,0,0,0,0
0,0,0,0,2929704402330360,2929704402330360,0,0,0,0,0,0,0,0,0,0,0,0
0,0,0,0,2988298490376970,2988298490376970,0,0,0,0,0,0,0,0,0,0,0,0
0,0,0,0,3048064460184510,3048064460184510,0,0,0,0,0,0,0,0,0,0,0,0
0,0,0,0,3109025749388200,3109025749388200,0,0,0,0,0,0,0,0,0,0,0,0
0,0,0,0,3171206264375960,3171206264375960,0,0,0,0,0,0,0,0,0,0,0,0
0,0,0,0,3234630389663480,3234630389663480,0,0,0,0,0,0,0,0,0,0,0,0
0,0,0,0,3299322997456750,3299322997456750,0,0,0,0,0,0,0,0,0,0,0,0
0,0,0,0,3365309457405890,3365309457405890,0,0,0,0,0,0,0,0,0,0,0,0
0,0,0,0,3432615646554010,3432615646554010,0,0,0,0,0,0,0,0,0,0,0,0
0,0,0,0,3501267959485090,3501267959485090,0,0,0,0,0,0,0,0,0,0,0,0
0,0,0,0,3571293318674790,3571293318674790,0,0,0,0,0,0,0,0,0,0,0,0
0,0,0,0,3642719185048280,3642719185048280,0,0,0,0,0,0,0,0,0,0,0,0
0,0,0,0,3715573568749250,3715573568749250,0,0,0,0,0,0,0,0,0,0,0,0
0,0,0,0,3789885040124230,3789885040124230,0,0,0,0,0,0,0,0,0,0,0,0
0,0,0,0,3865682740926720,3865682740926720,0,0,0,0,0,0,0,0,0,0,0,0
0,0,0,0,3942996395745250,3942996395745250,0,0,0,0,0,0,0,0,0,0,0,0
0,0,0,0,4021856323660160,4021856323660160,0,0,0,0,0,0,0,0,0,0,0,0
0,0,0,0,4102293450133360,4102293450133360,0,0,0,0,0,0,0,0,0,0,0,0
0,0,0,0,4184339319136030,4184339319136030,0,0,0,0,0,0,0,0,0,0,0,0
0,0,0,0,4268026105518750,4268026105518750,0,0,0,0,0,0,0,0,0,0,0,0
0,0,0,0,4353386627629120,4353386627629120,0,0,0,0,0,0,0,0,0,0,0,0
0,0,0,0,4440454360181710,4440454360181710,0,0,0,0,0,0,0,0,0,0,0,0
0,0,0,0,4529263447385340,4529263447385340,0,0,0,0,0,0,0,0,0,0,0,0
0,0,0,0,4619848716333050,4619848716333050,0,0,0,0,0,0,0,0,0,0,0,0
0,0,0,0,4712245690659710,4712245690659710,0,0,0,0,0,0,0,0,0,0,0,0
0,0,0,0,4806490604472900,4806490604472900,0,0,0,0,0,0,0,0,0,0,0,0
0,0,0,0,4902620416562360,4902620416562360,0,0,0,0,0,0,0,0,0,0,0,0
0,0,0,0,5000672824893610,5000672824893610,0,0,0,0,0,0,0,0,0,0,0,0
0,0,0,0,5100686281391480,5100686281391480,0,0,0,0,0,0,0,0,0,0,0,0
0,0,0,0,5202700007019310,5202700007019310,0,0,0,0,0,0,0,0,0,0,0,0
0,0,0,0,5306754007159700,5306754007159700,0,0,0,0,0,0,0,0,0,0,0,0
0,0,0,0,5412889087302890,5412889087302890,0,0,0,0,0,0,0,0,0,0,0,0
0,0,0,0,5521146869048950,5521146869048950,0,0,0,0,0,0,0,0,0,0,0,0
0,0,0,0,5631569806429930,5631569806429930,0,0,0,0,0,0,0,0,0,0,0,0
0,0,0,0,5744201202558530,5744201202558530,0,0,0,0,0,0,0,0,0,0,0,0
0,0,0,0,5859085226609700,5859085226609700,0,0,0,0,0,0,0,0,0,0,0,0
0,0,0,0,5976266931141890,5976266931141890,0,0,0,0,0,0,0,0,0,0,0,0
0,0,0,0,6095792269764730,6095792269764730,0,0,0,0,0,0,0,0,0,0,0,0
0,0,0,0,6217708115160020,6217708115160020,0,0,0,0,0,0,0,0,0,0,0,0
0,0,0,0,6342062277463220,6342062277463220,0,0,0,0,0,0,0,0,0,0,0,0
0,0,0,0,6468903523012490,6468903523012490,0,0,0,0,0,0,0,0,0,0,0,0
0,0,0,0,6598281593472740,6598281593472740,0,0,0,0,0,0,0,0,0,0,0,0
0,0,0,0,6730247225342190,6730247225342190,0,0,0,0,0,0,0,0,0,0,0,0
0,0,0,0,6864852169849040,6864852169849040,0,0,0,0,0,0,0,0,0,0,0,0
0,0,0,0,7002149213246020,7002149213246020,0,0,0,0,0,0,0,0,0,0,0,0
0,0,0,0,7142192197510940,7142192197510940,0,0,0,0,0,0,0,0,0,0,0,0
0,0,0,0,7285036041461160,7285036041461160,0,0,0,0,0,0,0,0,0,0,0,0
0,0,0,0,7430736762290380,7430736762290380,0,0,0,0,0,0,0,0,0,0,0,0
0,0,0,0,7579351497536190,7579351497536190,0,0,0,0,0,0,0,0,0,0,0,0
0,0,0,0,7730938527486910,7730938527486910,0,0,0,0,0,0,0,0,0,0,0,0
0,0,0,0,7885557298036650,7885557298036650,0,0,0,0,0,0,0,0,0,0,0,0
0,0,0,0,8043268443997390,8043268443997390,0,0,0,0,0,0,0,0,0,0,0,0
0,0,0,0,8204133812877330,8204133812877330,0,0,0,0,0,0,0,0,0,0,0,0
0,0,0,0,8368216489134880,8368216489134880,0,0,0,0,0,0,0,0,0,0,0,0
0,0,0,0,8535580818917580,8535580818917580,0,0,0,0,0,0,0,0,0,0,0,0
0,0,0,0,8706292435295930,8706292435295930,0,0,0,0,0,0,0,0,0,0,0,0
0,0,0,0,8880418284001850,8880418284001850,0,0,0,0,0,0,0,0,0,0,0,0
0,0,0,0,9058026649681890,9058026649681890,0,0,0,0,0,0,0,0,0,0,0,0
0,0,0,0,9239187182675520,9239187182675520,0,0,0,0,0,0,0,0,0,0,0,0
0,0,0,0,9423970926329030,9423970926329030,0,0,0,0,0,0,0,0,0,0,0,0
0,0,0,0,9612450344855610,9612450344855610,0,0,0,0,0,0,0,0,0,0,0,0
0,0,0,0,9804699351752730,9804699351752730,0,0,0,0,0,0,0,0,0,0,0,0
0,0,0,0,10000793338787800,10000793338787800,0,0,0,0,0,0,0,0,0,0,0,0
0,0,0,0,10200809205563500,10200809205563500,0,0,0,0,0,0,0,0,0,0,0,0
0,0,0,0,10404825389674800,10404825389674800,0,0,0,0,0,0,0,0,0,0,0,0
0,0,0,0,10612921897468300,10612921897468300,0,0,0,0,0,0,0,0,0,0,0,0
0,0,0,0,10825180335417700,10825180335417700,0,0,0,0,0,0,0,0,0,0,0,0
0,0,0,0,11041683942126000,11041683942126000,0,0,0,0,0,0,0,0,0,0,0,0
0,0,0,0,11262517620968500,11262517620968500,0,0,0,0,0,0,0,0,0,0,0,0
0,0,0,0,11487767973387900,11487767973387900,0,0,0,0,0,0,0,0,0,0,0,0
0,0,0,0,11717523332855700,11717523332855700,0,0,0,0,0,0,0,0,0,0,0,0
0,0,0,0,11951873799512800,11951873799512800,0,0,0,0,0,0,0,0,0,0,0,0
0,0,0,0,12190911275503000,12190911275503000,0,0,0,0,0,0,0,0,0,0,0,0
0,0,0,0,12434729501013100,12434729501013100,0,0,0,0,0,0,0,0,0,0,0,0
0,0,0,0,12683424091033400,12683424091033400,0,0,0,0,0,0,0,0,0,0,0,0
0,0,0,0,12937092572854000,12937092572854000,0,0,0,0,0,0,0,0,0,0,0,0
0,0,0,0,13195834424311100,13195834424311100,0,0,0,0,0,0,0,0,0,0,0,0
0,0,0,0,13459751112797300,13459751112797300,0,0,0,0,0,0,0,0,0,0,0,0
0,0,0,0,13728946135053300,13728946135053300,0,0,0,0,0,0,0,0,0,0,0,0
0,0,0,0,14003525057754300,14003525057754300,0,0,0,0,0,0,0,0,0,0,0,0
0,0,0,0,14283595558909400,14283595558909400,0,0,0,0,0,0,0,0,0,0,0,0
0,0,0,0,14569267470087600,14569267470087600,0,0,0,0,0,0,0,0,0,0,0,0
0,0,0,0,14860652819489400,14860652819489400,0,0,0,0,0,0,0,0,0,0,0,0
0,0,0,0,15157865875879200,15157865875879200,0,0,0,0,0,0,0,0,0,0,0,0
0,0,0,0,15461023193396700,15461023193396700,0,0,0,0,0,0,0,0,0,0,0,0
0,0,0,0,15770243657264700,15770243657264700,0,0,0,0,0,0,0,0,0,0,0,0
0,0,0,0,16085648530410000,16085648530410000,0,0,0,0,0,0,0,0,0,0,0,0
0,0,0,0,16407361501018200,16407361501018200,0,0,0,0,0,0,0,0,0,0,0,0
0,0,0,0,16735508731038500,16735508731038500,0,0,0,0,0,0,0,0,0,0,0,0
0,0,0,0,17070218905659300,17070218905659300,0,0,0,0,0,0,0,0,0,0,0,0
0,0,0,0,17411623283772500,17411623283772500,0,0,0,0,0,0,0,0,0,0,0,0
0,0,0,0,17759855749448000,17759855749448000,0,0,0,0,0,0,0,0,0,0,0,0
0,0,0,0,18115052864436900,18115052864436900,0,0,0,0,0,0,0,0,0,0,0,0
0,0,0,0,18477353921725600,18477353921725600,0,0,0,0,0,0,0,0,0,0,0,0
0,0,0,0,18846901000160200,18846901000160200,0,0,0,0,0,0,0,0,0,0,0,0
0,0,0,0,19223839020163400,19223839020163400,0,0,0,0,0,0,0,0,0,0,0,0
0,0,0,0,19608315800566600,19608315800566600,0,0,0,0,0,0,0,0,0,0,0,0
0,0,0,0,20000482116578000,20000482116578000,0,0,0,0,0,0,0,0,0,0,0,0
0,0,0,0,20400491758909500,20400491758909500,0,0,0,0,0,0,0,0,0,0,0,0
0,0,0,0,20808501594087700,20808501594087700,0,0,0,0,0,0,0,0,0,0,0,0
0,0,0,0,21224671625969500,21224671625969500,0,0,0,0,0,0,0,0,0,0,0,0
0,0,0,0,21649165058488900,21649165058488900,0,0,0,0,0,0,0,0,0,0,0,0
0,0,0,0,22082148359658600,22082148359658600,0,0,0,0,0,0,0,0,0,0,0,0
0,0,0,0,22523791326851800,22523791326851800,0,0,0,0,0,0,0,0,0,0,0,0
0,0,0,0,22974267153388800,22974267153388800,0,0,0,0,0,0,0,0,0,0,0,0
0,0,0,0,23433752496456600,23433752496456600,0,0,0,0,0,0,0,0,0,0,0,0
0,0,0,0,23902427546385800,23902427546385800,0,0,0,0,0,0,0,0,0,0,0,0
0,0,0,0,24380476097313500,24380476097313500,0,0,0,0,0,0,0,0,0,0,0,0
0,0,0,0,24868085619259700,24868085619259700,0,0,0,0,0,0,0,0,0,0,0,0
0,0,0,0,25365447331644900,25365447331644900,0,0,0,0,0,0,0,0,0,0,0,0
0,0,0,0,25872756278277800,25872756278277800,0,0,0,0,0,0,0,0,0,0,0,0
0,0,0,0,26390211403843400,26390211403843400,0,0,0,0,0,0,0,0,0,0,0,0
0,0,0,0,26918015631920300,26918015631920300,0,0,0,0,0,0,0,0,0,0,0,0
0,0,0,0,27456375944558700,27456375944558700,0,0,0,0,0,0,0,0,0,0,0,0
0,0,0,0,28005503463449800,28005503463449800,0,0,0,0,0,0,0,0,0,0,0,0
0,0,0,0,28565613532718800,28565613532718800,0,0,0,0,0,0,0,0,0,0,0,0
0,0,0,0,29136925803373200,29136925803373200,0,0,0,0,0,0,0,0,0,0,0,0
0,0,0,0,29719664319440700,29719664319440700,0,0,0,0,0,0,0,0,0,0,0,0
0,0,0,0,30314057605829500,30314057605829500,0,0,0,0,0,0,0,0,0,0,0,0
0,0,0,0,30920338757946100,30920338757946100,0,0,0,0,0,0,0,0,0,0,0,0
0,0,0,0,31538745533105000,31538745533105000,0,0,0,0,0,0,0,0,0,0,0,0
0,0,0,0,32169520443767100,32169520443767100,0,0,0,0,0,0,0,0,0,0,0,0
0,0,0,0,32812910852642400,32812910852642400,0,0,0,0,0,0,0,0,0,0,0,0
0,0,0,0,33469169069695300,33469169069695300,0,0,0,0,0,0,0,0,0,0,0,0
0,0,0,0,34138552451089200,34138552451089200,0,0,0,0,0,0,0,0,0,0,0,0
0,0,0,0,34821323500111000,34821323500111000,0,0,0,0,0,0,0,0,0,0,0,0
0,0,0,0,35517749970113200,35517749970113200,0,0,0,0,0,0,0,0,0,0,0,0
0,0,0,0,36228104969515500,36228104969515500,0,0,0,0,0,0,0,0,0,0,0,0
0,0,0,0,36952667068905800,36952667068905800,0,0,0,0,0,0,0,0,0,0,0,0
0,0,0,0,37691720410283900,37691720410283900,0,0,0,0,0,0,0,0,0,0,0,0
0,0,0,0,38445554818489600,38445554818489600,0,0,0,0,0,0,0,0,0,0,0,0
0,0,0,0,39214465914859400,39214465914859400,0,0,0,0,0,0,0,0,0,0,0,0
0,0,0,0,39998755233156600,39998755233156600,0,0,0,0,0,0,0,0,0,0,0,0
0,0,0,0,40798730337819700,40798730337819700,0,0,0,0,0,0,0,0,0,0,0,0
0,0,0,0,41614704944576100,41614704944576100,0,0,0,0,0,0,0,0,0,0,0,0
0,0,0,0,42446999043467600,42446999043467600,0,0,0,0,0,0,0,0,0,0,0,0
0,0,0,0,43295939024337000,43295939024337000,0,0,0,0,0,0,0,0,0,0,0,0
0,0,0,0,44161857804823700,44161857804823700,0,0,0,0,0,0,0,0,0,0,0,0
0,0,0,0,45045094960920200,45045094960920200,0,0,0,0,0,0,0,0,0,0,0,0
0,0,0,0,45945996860138600,45945996860138600,0,0,0,0,0,0,0,0,0,0,0,0
0,0,0,0,46864916797341300,46864916797341300,0,0,0,0,0,0,0,0,0,0,0,0
0,0,0,0,47802215133288200,47802215133288200,0,0,0,0,0,0,0,0,0,0,0,0
0,0,0,0,48758259435953900,48758259435953900,0,0,0,0,0,0,0,0,0,0,0,0
0,0,0,0,49733424624673000,49733424624673000,0,0,0,0,0,0,0,0,0,0,0,0
0,0,0,0,50728093117166500,50728093117166500,0,0,0,0,0,0,0,0,0,0,0,0
0,0,0,0,51742654979509800,51742654979509800,0,0,0,0,0,0,0,0,0,0,0,0
0,0,0,0,52777508079100000,52777508079100000,0,0,0,0,0,0,0,0,0,0,0,0
0,0,0,0,53833058240682000,53833058240682000,0,0,0,0,0,0,0,0,0,0,0,0
0,0,0,0,54909719405495700,54909719405495700,0,0,0,0,0,0,0,0,0,0,0,0
0,0,0,0,56007913793605600,56007913793605600,0,0,0,0,0,0,0,0,0,0,0,0
0,0,0,0,57128072069477700,57128072069477700,0,0,0,0,0,0,0,0,0,0,0,0
0,0,0,0,58270633510867200,58270633510867200,0,0,0,0,0,0,0,0,0,0,0,0
0,0,0,0,59436046181084600,59436046181084600,0,0,0,0,0,0,0,0,0,0,0,0
0,0,0,0,60624767104706300,60624767104706300,0,0,0,0,0,0,0,0,0,0,0,0
0,0,0,0,61837262446800400,61837262446800400,0,0,0,0,0,0,0,0,0,0,0,0
0,0,0,0,63074007695736400,63074007695736400,0,0,0,0,0,0,0,0,0,0,0,0
0,0,0,0,64335487849651100,64335487849651100,0,0,0,0,0,0,0,0,0,0,0,0
0,0,0,0,65622197606644200,65622197606644200,0,0,0,0,0,0,0,0,0,0,0,0
0,0,0,0,66934641558777000,66934641558777000,0,0,0,0,0,0,0,0,0,0,0,0
0,0,0,0,68273334389952600,68273334389952600,0,0,0,0,0,0,0,0,0,0,0,0
0,0,0,0,69638801077751600,69638801077751600,0,0,0,0,0,0,0,0,0,0,0,0
0,0,0,0,71031577099306700,71031577099306700,0,0,0,0,0,0,0,0,0,0,0,0
0,0,0,0,72452208641292800,72452208641292800,0,0,0,0,0,0,0,0,0,0,0,0
0,0,0,0,73901252814118700,73901252814118700,0,0,0,0,0,0,0,0,0,0,0,0
0,0,0,0,75379277870401000,75379277870401000,0,0,0,0,0,0,0,0,0,0,0,0
0,0,0,0,76886863427809000,76886863427809000,0,0,0,0,0,0,0,0,0,0,0,0
0,0,0,0,78424600696365200,78424600696365200,0,0,0,0,0,0,0,0,0,0,0,0
0,0,0,0,79993092710292500,79993092710292500,0,0,0,0,0,0,0,0,0,0,0,0
0,0,0,0,81592954564498400,81592954564498400,0,0,0,0,0,0,0,0,0,0,0,0
0,0,0,0,83224813655788400,83224813655788400,0,0,0,0,0,0,0,0,0,0,0,0
0,0,0,0,84889309928904100,84889309928904100,0,0,0,0,0,0,0,0,0,0,0,0
0,0,0,0,86587096127482200,86587096127482200,0,0,0,0,0,0,0,0,0,0,0,0
0,0,0,0,88318838050031900,88318838050031900,0,0,0,0,0,0,0,0,0,0,0,0
0,0,0,0,90085214811032500,90085214811032500,0,0,0,0,0,0,0,0,0,0,0,0
0,0,0,0,91886919107253200,91886919107253200,0,0,0,0,0,0,0,0,0,0,0,0
0,0,0,0,93724657489398200,93724657489398200,0,0,0,0,0,0,0,0,0,0,0,0
0,0,0,0,95599150639186200,95599150639186200,0,0,0,0,0,0,0,0,0,0,0,0
0,0,0,0,97511133651969900,97511133651969900,0,0,0,0,0,0,0,0,0,0,0,0
0,0,0,0,99461356325009300,99461356325009300,0,0,0,0,0,0,0,0,0,0,0,0
0,0,0,0,101450583451510000,101450583451510000,0,0,0,0,0,0,0,0,0,0,0,0
0,0,0,0,103479595120540000,103479595120540000,0,0,0,0,0,0,0,0,0,0,0,0
0,0,0,0,105549187022951000,105549187022951000,0,0,0,0,0,0,0,0,0,0,0,0
0,0,0,0,107660170763410000,107660170763410000,0,0,0,0,0,0,0,0,0,0,0,0
0,0,0,0,109813374178678000,109813374178678000,0,0,0,0,0,0,0,0,0,0,0,0
0,0,0,0,112009641662251000,112009641662251000,0,0,0,0,0,0,0,0,0,0,0,0
0,0,0,0,114249834495496000,114249834495496000,0,0,0,0,0,0,0,0,0,0,0,0
0,0,0,0,116534831185406000,116534831185406000,0,0,0,0,0,0,0,0,0,0,0,0
0,0,0,0,118865527809114000,118865527809114000,0,0,0,0,0,0,0,0,0,0,0,0
0,0,0,0,121242838365297000,121242838365297000,0,0,0,0,0,0,0,0,0,0,0,0
0,0,0,0,123667695132603000,123667695132603000,0,0,0,0,0,0,0,0,0,0,0,0
0,0,0,0,126141049035255000,126141049035255000,0,0,0,0,0,0,0,0,0,0,0,0
0,0,0,0,128663870015960000,128663870015960000,0,0,0,0,0,0,0,0,0,0,0,0
0,0,0,0,131237147416279000,131237147416279000,0,0,0,0,0,0,0,0,0,0,0,0
0,0,0,0,133861890364604000,133861890364604000,0,0,0,0,0,0,0,0,0,0,0,0
0,0,0,0,136539128171897000,136539128171897000,0,0,0,0,0,0,0,0,0,0,0,0
0,0,0,0,139269910735335000,139269910735335000,0,0,0,0,0,0,0,0,0,0,0,0
0,0,0,0,142055308950041000,142055308950041000,0,0,0,0,0,0,0,0,0,0,0,0
0,0,0,0,144896415129042000,144896415129042000,0,0,0,0,0,0,0,0,0,0,0,0
0,0,0,0,147794343431623000,147794343431623000,0,0,0,0,0,0,0,0,0,0,0,0
0,0,0,0,150750230300255000,150750230300255000,0,0,0,0,0,0,0,0,0,0,0,0
0,0,0,0,153765234906260000,153765234906260000,0,0,0,0,0,0,0,0,0,0,0,0
0,0,0,0,156840539604386000,156840539604386000,0,0,0,0,0,0,0,0,0,0,0,0
0,0,0,0,159977350396473000,159977350396473000,0,0,0,0,0,0,0,0,0,0,0,0
0,0,0,0,163176897404403000,163176897404403000,0,0,0,0,0,0,0,0,0,0,0,0
0,0,0,0,166440435352491000,166440435352491000,0,0,0,0,0,0,0,0,0,0,0,0
0,0,0,0,169769244059541000,169769244059541000,0,0,0,0,0,0,0,0,0,0,0,0
0,0,0,0,173164628940732000,173164628940732000,0,0,0,0,0,0,0,0,0,0,0,0
0,0,0,0,176627921519546000,176627921519546000,0,0,0,0,0,0,0,0,0,0,0,0
0,0,0,0,180160479949937000,180160479949937000,0,0,0,0,0,0,0,0,0,0,0,0
0,0,0,0,183763689548936000,183763689548936000,0,0,0,0,0,0,0,0,0,0,0,0
0,0,0,0,187438963339915000,187438963339915000,0,0,0,0,0,0,0,0,0,0,0,0
0,0,0,0,191187742606713000,191187742606713000,0,0,0,0,0,0,0,0,0,0,0,0
0,0,0,0,195011497458847000,195011497458847000,0,0,0,0,0,0,0,0,0,0,0,0
0,0,0,0,198911727408024000,198911727408024000,0,0,0,0,0,0,0,0,0,0,0,0
0,0,0,0,202889961956185000,202889961956185000,0,0,0,0,0,0,0,0,0,0,0,0
0,0,0,0,206947761195308000,206947761195308000,0,0,0,0,0,0,0,0,0,0,0,0
0,0,0,0,211086716419214000,211086716419214000,0,0,0,0,0,0,0,0,0,0,0,0
0,0,0,0,215308450747599000,215308450747599000,0,0,0,0,0,0,0,0,0,0,0,0
0,0,0,0,219614619762551000,219614619762551000,0,0,0,0,0,0,0,0,0,0,0,0
0,0,0,0,224006912157802000,224006912157802000,0,0,0,0,0,0,0,0,0,0,0,0
0,0,0,0,228487050400958000,228487050400958000,0,0,0,0,0,0,0,0,0,0,0,0
0,0,0,0,233056791408977000,233056791408977000,0,0,0,0,0,0,0,0,0,0,0,0
0,0,0,0,237717927237156000,237717927237156000,0,0,0,0,0,0,0,0,0,0,0,0
0,0,0,0,242472285781900000,242472285781900000,0,0,0,0,0,0,0,0,0,0,0,0
0,0,0,0,247321731497538000,247321731497538000,0,0,0,0,0,0,0,0,0,0,0,0
0,0,0,0,252268166127488000,252268166127488000,0,0,0,0,0,0,0,0,0,0,0,0
0,0,0,0,257313529450038000,257313529450038000,0,0,0,0,0,0,0,0,0,0,0,0
0,0,0,0,262459800039039000,262459800039039000,0,0,0,0,0,0,0,0,0,0,0,0
0,0,0,0,267708996039820000,267708996039820000,0,0,0,0,0,0,0,0,0,0,0,0
0,0,0,0,273063175960616000,273063175960616000,0,0,0,0,0,0,0,0,0,0,0,0
0,0,0,0,278524439479828000,278524439479828000,0,0,0,0,0,0,0,0,0,0,0,0
0,0,0,0,284094928269425000,284094928269425000,0,0,0,0,0,0,0,0,0,0,0,0
0,0,0,0,289776826834813000,289776826834813000,0,0,0,0,0,0,0,0,0,0,0,0
0,0,0,0,295572363371510000,295572363371510000,0,0,0,0,0,0,0,0,0,0,0,0
0,0,0,0,301483810638940000,301483810638940000,0,0,0,0,0,0,0,0,0,0,0,0
0,0,0,0,307513486851719000,307513486851719000,0,0,0,0,0,0,0,0,0,0,0,0
0,0,0,0,313663756588753000,313663756588753000,0,0,0,0,0,0,0,0,0,0,0,0
0,0,0,0,319937031720528000,319937031720528000,0,0,0,0,0,0,0,0,0,0,0,0
0,0,0,0,326335772354939000,326335772354939000,0,0,0,0,0,0,0,0,0,0,0,0
0,0,0,0,332862487802037000,332862487802037000,0,0,0,0,0,0,0,0,0,0,0,0
0,0,0,0,339519737558078000,339519737558078000,0,0,0,0,0,0,0,0,0,0,0,0
0,0,0,0,346310132309240000,346310132309240000,0,0,0,0,0,0,0,0,0,0,0,0
0,0,0,0,353236334955425000,353236334955425000,0,0,0,0,0,0,0,0,0,0,0,0
0,0,0,0,360301061654533000,360301061654533000,0,0,0,0,0,0,0,0,0,0,0,0
0,0,0,0,367507082887624000,367507082887624000,0,0,0,0,0,0,0,0,0,0,0,0
0,0,0,0,374857224545376000,374857224545376000,0,0,0,0,0,0,0,0,0,0,0,0
0,0,0,0,382354369036284000,382354369036284000,0,0,0,0,0,0,0,0,0,0,0,0
0,0,0,0,390001456417010000,390001456417010000,0,0,0,0,0,0,0,0,0,0,0,0
0,0,0,0,397801485545350000,397801485545350000,0,0,0,0,0,0,0,0,0,0,0,0
0,0,0,0,405757515256257000,405757515256257000,0,0,0,0,0,0,0,0,0,0,0,0
0,0,0,0,413872665561382000,413872665561382000,0,0,0,0,0,0,0,0,0,0,0,0
0,0,0,0,422150118872610000,422150118872610000,0,0,0,0,0,0,0,0,0,0,0,0
0,0,0,0,430593121250062000,430593121250062000,0,0,0,0,0,0,0,0,0,0,0,0
0,0,0,0,439204983675063000,439204983675063000,0,0,0,0,0,0,0,0,0,0,0,0
0,0,0,0,447989083348564000,447989083348564000,0,0,0,0,0,0,0,0,0,0,0,0
0,0,0,0,456948865015535000,456948865015535000,0,0,0,0,0,0,0,0,0,0,0,0
0,0,0,0,466087842315846000,466087842315846000,0,0,0,0,0,0,0,0,0,0,0,0
0,0,0,0,475409599162163000,475409599162163000,0,0,0,0,0,0,0,0,0,0,0,0
0,0,0,0,484917791145406000,484917791145406000,0,0,0,0,0,0,0,0,0,0,0,0
0,0,0,0,494616146968315000,494616146968315000,0,0,0,0,0,0,0,0,0,0,0,0
0,0,0,0,504508469907681000,504508469907681000,0,0,0,0,0,0,0,0,0,0,0,0
0,0,0,0,514598639305834000,514598639305834000,0,0,0,0,0,0,0,0,0,0,0,0
0,0,0,0,524890612091951000,524890612091951000,0,0,0,0,0,0,0,0,0,0,0,0
0,0,0,0,535388424333790000,535388424333790000,0,0,0,0,0,0,0,0,0,0,0,0
0,0,0,0,546096192820466000,546096192820466000,0,0,0,0,0,0,0,0,0,0,0,0
0,0,0,0,557018116676875000,557018116676875000,0,0,0,0,0,0,0,0,0,0,0,0
0,0,0,0,568158479010413000,568158479010413000,0,0,0,0,0,0,0,0,0,0,0,0
0,0,0,0,579521648590621000,579521648590621000,0,0,0,0,0,0,0,0,0,0,0,0
0,0,0,0,591112081562434000,591112081562434000,0,0,0,0,0,0,0,0,0,0,0,0
0,0,0,0,602934323193682000,602934323193682000,0,0,0,0,0,0,0,0,0,0,0,0
0,0,0,0,614993009657556000,614993009657556000,0,0,0,0,0,0,0,0,0,0,0,0
0,0,0,0,627292869850707000,627292869850707000,0,0,0,0,0,0,0,0,0,0,0,0
0,0,0,0,639838727247721000,639838727247721000,0,0,0,0,0,0,0,0,0,0,0,0
0,0,0,0,652635501792676000,652635501792676000,0,0,0,0,0,0,0,0,0,0,0,0
0,0,0,0,665688211828529000,665688211828529000,0,0,0,0,0,0,0,0,0,0,0,0
0,0,0,0,679001976065100000,679001976065100000,0,0,0,0,0,0,0,0,0,0,0,0
0,0,0,0,692582015586402000,692582015586402000,0,0,0,0,0,0,0,0,0,0,0,0
0,0,0,0,706433655898130000,706433655898130000,0,0,0,0,0,0,0,0,0,0,0,0
0,0,0,0,720562329016092000,720562329016092000,0,0,0,0,0,0,0,0,0,0,0,0
0,0,0,0,734973575596414000,734973575596414000,0,0,0,0,0,0,0,0,0,0,0,0
0,0,0,0,749673047108343000,749673047108343000,0,0,0,0,0,0,0,0,0,0,0,0
0,0,0,0,764666508050510000,764666508050510000,0,0,0,0,0,0,0,0,0,0,0,0
0,0,0,0,779959838211520000,779959838211520000,0,0,0,0,0,0,0,0,0,0,0,0
0,0,0,0,795559034975750000,795559034975750000,0,0,0,0,0,0,0,0,0,0,0,0
0,0,0,0,811470215675265000,811470215675265000,0,0,0,0,0,0,0,0,0,0,0,0
0,0,0,0,827699619988770000,827699619988770000,0,0,0,0,0,0,0,0,0,0,0,0
0,0,0,0,844253612388546000,844253612388546000,0,0,0,0,0,0,0,0,0,0,0,0
0,0,0,0,861138684636317000,861138684636317000,0,0,0,0,0,0,0,0,0,0,0,0
0,0,0,0,878361458329043000,878361458329043000,0,0,0,0,0,0,0,0,0,0,0,0
0,0,0,0,895928687495624000,895928687495624000,0,0,0,0,0,0,0,0,0,0,0,0
0,0,0,0,913847261245536000,913847261245536000,0,0,0,0,0,0,0,0,0,0,0,0
0,0,0,0,932124206470447000,932124206470447000,0,0,0,0,0,0,0,0,0,0,0,0
0,0,0,0,950766690599856000,950766690599856000,0,0,0,0,0,0,0,0,0,0,0,0
0,0,0,0,969782024411853000,969782024411853000,0,0,0,0,0,0,0,0,0,0,0,0
0,0,0,0,989177664900090000,989177664900090000,0,0,0,0,0,0,0,0,0,0,0,0
0,0,0,0,1008961218198090000,1008961218198090000,0,0,0,0,0,0,0,0,0,0,0,0
0,0,0,0,1029140442562050000,1029140442562050000,0,0,0,0,0,0,0,0,0,0,0,0
0,0,0,0,1049723251413300000,1049723251413300000,0,0,0,0,0,0,0,0,0,0,0,0
0,0,0,0,1070717716441560000,1070717716441560000,0,0,0,0,0,0,0,0,0,0,0,0
0,0,0,0,1092132070770390000,1092132070770390000,0,0,0,0,0,0,0,0,0,0,0,0
0,0,0,0,1113974712185800000,1113974712185800000,0,0,0,0,0,0,0,0,0,0,0,0
0,0,0,0,1136254206429520000,1136254206429520000,0,0,0,0,0,0,0,0,0,0,0,0
0,0,0,0,1158979290558110000,1158979290558110000,0,0,0,0,0,0,0,0,0,0,0,0
0,0,0,0,1182158876369270000,1182158876369270000,0,0,0,0,0,0,0,0,0,0,0,0
0,0,0,0,1205802053896650000,1205802053896650000,0,0,0,0,0,0,0,0,0,0,0,0
0,0,0,0,1229918094974590000,1229918094974590000,0,0,0,0,0,0,0,0,0,0,0,0
0,0,0,0,1254516456874080000,1254516456874080000,0,0,0,0,0,0,0,0,0,0,0,0
0,0,0,0,1279606786011560000,1279606786011560000,0,0,0,0,0,0,0,0,0,0,0,0
0,0,0,0,1305198921731790000,1305198921731790000,0,0,0,0,0,0,0,0,0,0,0,0
0,0,0,0,1331302900166430000,1331302900166430000,0,0,0,0,0,0,0,0,0,0,0,0
0,0,0,0,1357928958169760000,1357928958169760000,0,0,0,0,0,0,0,0,0,0,0,0
0,0,0,0,1385087537333150000,1385087537333150000,0,0,0,0,0,0,0,0,0,0,0,0
0,0,0,0,1412789288079810000,1412789288079810000,0,0,0,0,0,0,0,0,0,0,0,0
0,0,0,0,1441045073841410000,1441045073841410000,0,0,0,0,0,0,0,0,0,0,0,0
0,0,0,0,1469865975318240000,1469865975318240000,0,0,0,0,0,0,0,0,0,0,0,0
0,0,0,0,1499263294824600000,1499263294824600000,0,0,0,0,0,0,0,0,0,0,0,0
0,0,0,0,1529248560721100000,1529248560721100000,0,0,0,0,0,0,0,0,0,0,0,0
0,0,0,0,1559833531935520000,1559833531935520000,0,0,0,0,0,0,0,0,0,0,0,0
0,0,0,0,1591030202574230000,1591030202574230000,0,0,0,0,0,0,0,0,0,0,0,0
0,0,0,0,1622850806625710000,1622850806625710000,0,0,0,0,0,0,0,0,0,0,0,0
0,0,0,0,1655307822758230000,1655307822758230000,0,0,0,0,0,0,0,0,0,0,0,0
0,0,0,0,1688413979213390000,1688413979213390000,0,0,0,0,0,0,0,0,0,0,0,0
0,0,0,0,1722182258797660000,1722182258797660000,0,0,0,0,0,0,0,0,0,0,0,0
0,0,0,0,1756625903973610000,1756625903973610000,0,0,0,0,0,0,0,0,0,0,0,0
0,0,0,0,1791758422053080000,1791758422053080000,0,0,0,0,0,0,0,0,0,0,0,0
0,0,0,0,1827593590494150000,1827593590494150000,0,0,0,0,0,0,0,0,0,0,0,0
0,0,0,0,1864145462304030000,1864145462304030000,0,0,0,0,0,0,0,0,0,0,0,0
0,0,0,0,1901428371550110000,1901428371550110000,0,0,0,0,0,0,0,0,0,0,0,0
0,0,0,0,1939456938981110000,1939456938981110000,0,0,0,0,0,0,0,0,0,0,0,0
0,0,0,0,1978246077760730000,1978246077760730000,0,0,0,0,0,0,0,0,0,0,0,0
0,0,0,0,2017810999315950000,2017810999315950000,0,0,0,0,0,0,0,0,0,0,0,0
0,0,0,0,2058167219302270000,2058167219302270000,0,0,0,0,0,0,0,0,0,0,0,0
0,0,0,0,2099330563688310000,2099330563688310000,0,0,0,0,0,0,0,0,0,0,0,0
0,0,0,0,2141317174962080000,2141317174962080000,0,0,0,0,0,0,0,0,0,0,0,0
0,0,0,0,2184143518461320000,2184143518461320000,0,0,0,0,0,0,0,0,0,0,0,0
0,0,0,0,2227826388830550000,2227826388830550000,0,0,0,0,0,0,0,0,0,0,0,0
0,0,0,0,2272382916607160000,2272382916607160000,0,0,0,0,0,0,0,0,0,0,0,0
0,0,0,0,2317830574939300000,2317830574939300000,0,0,0,0,0,0,0,0,0,0,0,0
0,0,0,0,2364187186438090000,2364187186438090000,0,0,0,0,0,0,0,0,0,0,0,0
0,0,0,0,2411470930166850000,2411470930166850000,0,0,0,0,0,0,0,0,0,0,0,0
0,0,0,0,2459700348770190000,2459700348770190000,0,0,0,0,0,0,0,0,0,0,0,0
0,0,0,0,2508894355745590000,2508894355745590000,0,0,0,0,0,0,0,0,0,0,0,0
0,0,0,0,2559072242860500000,2559072242860500000,0,0,0,0,0,0,0,0,0,0,0,0
0,0,0,0,2610253687717710000,2610253687717710000,0,0,0,0,0,0,0,0,0,0,0,0
0,0,0,0,2662458761472070000,2662458761472070000,0,0,0,0,0,0,0,0,0,0,0,0
0,0,0,0,2715707936701510000,2715707936701510000,0,0,0,0,0,0,0,0,0,0,0,0
0,0,0,0,2770022095435540000,2770022095435540000,0,0,0,0,0,0,0,0,0,0,0,0
0,0,0,0,2825422537344250000,2825422537344250000,0,0,0,0,0,0,0,0,0,0,0,0
0,0,0,0,2881930988091130000,2881930988091130000,0,0,0,0,0,0,0,0,0,0,0,0
0,0,0,0,2939569607852960000,2939569607852960000,0,0,0,0,0,0,0,0,0,0,0,0
0,0,0,0,2998361000010020000,2998361000010020000,0,0,0,0,0,0,0,0,0,0,0,0
0,0,0,0,3058328220010220000,3058328220010220000,0,0,0,0,0,0,0,0,0,0,0,0
0,0,0,0,3119494784410420000,3119494784410420000,0,0,0,0,0,0,0,0,0,0,0,0
0,0,0,0,3181884680098630000,3181884680098630000,0,0,0,0,0,0,0,0,0,0,0,0
0,0,0,0,3245522373700600000,3245522373700600000,0,0,0,0,0,0,0,0,0,0,0,0
0,0,0,0,3310432821174610000,3310432821174610000,0,0,0,0,0,0,0,0,0,0,0,0
0,0,0,0,3376641477598110000,3376641477598110000,0,0,0,0,0,0,0,0,0,0,0,0
0,0,0,0,3444174307150070000,3444174307150070000,0,0,0,0,0,0,0,0,0,0,0,0
0,0,0,0,3513057793293070000,3513057793293070000,0,0,0,0,0,0,0,0,0,0,0,0
0,0,0,0,3583318949158930000,3583318949158930000,0,0,0,0,0,0,0,0,0,0,0,0
0,0,0,0,3654985328142110000,3654985328142110000,0,0,0,0,0,0,0,0,0,0,0,0
0,0,0,0,3728085034704950000,3728085034704950000,0,0,0,0,0,0,0,0,0,0,0,0
0,0,0,0,3802646735399050000,3802646735399050000,0,0,0,0,0,0,0,0,0,0,0,0
0,0,0,0,3878699670107030000,3878699670107030000,0,0,0,0,0,0,0,0,0,0,0,0
0,0,0,0,3956273663509170000,3956273663509170000,0,0,0,0,0,0,0,0,0,0,0,0
0,0,0,0,4035399136779360000,4035399136779360000,0,0,0,0,0,0,0,0,0,0,0,0
0,0,0,0,4116107119514940000,4116107119514940000,0,0,0,0,0,0,0,0,0,0,0,0
0,0,0,0,0,0,0,0,0,0,0,0,0,0,0,0,0,0